# Accelerometer Data File
# Started @Sat Jul 23 22:55:24 PDT 2016
#
#
# sensor Vendor: InvenSense
# sensor Name: MPU6515 Accelerometer
# sensor Resolution: 5.950928E-4m/sec^2; Max Range: 19.613297; Min Delay: 5000 microseconds
# The sensor's attributes are the result hardware and the Android capabilities.
# It means that the Android may not utilize all features provided by the hardware.
#
# Some devices and Android versions save battery too much so the device may go to sleep.
# It just happens after couple of minutes from turning off the scree and it is easy to find it out.
#
# The following file provides the data from accelerometer in the m/s^2 format.
# The diff value is just a time delta between the samples
#
#
# data format:
# so we have 4 columns with values separated by the " "
# X Y Z time_from_previous_sample(ms)

# sensor speed set to:FASTEST
# units set to: m/sec^2
# gravity NOT filtered out
# Accuracy: MEDIUM
-6.723 4.16 5.801 0
-6.725 4.143 5.834 5
-6.725 4.141 5.823 5
-6.743 4.13 5.835 5
-6.746 4.072 5.872 5
-6.762 4.095 5.907 5
-6.74 4.086 5.861 5
-6.65 4.066 5.854 5
-6.681 4.068 5.873 5
-6.702 4.07 5.773 5
-6.691 4.108 5.804 5
-6.733 4.129 5.775 5
-6.698 4.04 5.839 5
-6.687 4.047 5.866 5
-6.721 4.07 5.9 5
-6.73 4.037 5.917 5
-6.726 4.036 5.965 5
-6.728 4.058 5.918 5
-6.709 4.086 5.892 5
-6.7 4.061 5.916 5
-6.662 4.072 5.892 5
-6.632 4.061 5.869 5
-6.591 4.075 5.915 5
-6.606 4.062 5.94 5
-6.567 4.043 5.98 5
-6.584 4.012 5.962 5
-6.601 4.022 6.07 5
-6.613 4.004 6.071 5
-6.594 3.992 6.114 5
-6.6 3.98 6.132 6
-6.604 3.984 6.144 5
-6.595 3.989 6.206 5
-6.558 4.014 6.251 5
-6.557 4.064 6.266 5
-6.535 4.067 6.256 5
-6.487 4.069 6.269 5
-6.453 4.076 6.258 5
-6.445 4.065 6.224 5
-6.455 4.049 6.289 5
-6.457 4.041 6.367 5
-6.418 4.007 6.416 5
-6.375 4.004 6.522 5
-6.332 4.023 6.554 5
-6.326 3.981 6.566 5
-6.326 3.975 6.473 5
-6.353 3.984 6.439 5
-6.401 3.963 6.416 5
-6.436 3.934 6.36 5
-6.406 3.911 6.295 5
-6.345 3.808 6.154 5
-6.38 3.914 6.118 5
-6.491 4.085 6.407 5
-6.511 3.931 6.556 5
-6.423 3.819 6.387 5
-6.413 3.846 6.248 5
-6.51 3.872 6.215 5
-6.625 3.858 6.232 5
-6.611 3.857 6.328 6
-6.53 3.898 6.393 5
-6.47 3.896 6.337 5
-6.425 3.829 6.298 5
-6.328 3.8 6.202 5
-6.384 3.946 6.296 5
-6.423 3.98 6.544 5
-6.391 3.923 6.633 5
-6.301 3.957 6.54 5
-6.265 4.003 6.472 5
-6.267 3.973 6.483 5
-6.312 3.969 6.496 5
-6.331 3.945 6.482 5
-6.338 3.912 6.434 5
-6.35 3.899 6.48 5
-6.37 3.884 6.465 5
-6.378 3.843 6.381 5
-6.367 3.791 6.292 5
-6.379 3.886 6.349 5
-6.412 3.952 6.543 5
-6.357 3.861 6.602 5
-6.267 3.811 6.514 5
-6.264 3.832 6.306 5
-6.306 3.867 6.313 5
-6.365 3.866 6.372 5
-6.362 3.884 6.426 5
-6.326 3.877 6.404 5
-6.303 3.829 6.437 5
-6.315 3.81 6.362 6
-6.327 3.778 6.363 5
-6.345 3.756 6.419 5
-6.364 3.784 6.516 5
-6.346 3.856 6.539 5
-6.311 3.823 6.433 5
-6.276 3.858 6.566 5
-6.242 3.876 6.431 5
-6.22 3.899 6.451 5
-6.262 3.902 6.422 5
-6.31 3.933 6.402 5
-6.324 3.906 6.36 5
-6.346 3.869 6.429 5
-6.328 3.879 6.461 5
-6.278 3.905 6.456 5
-6.257 3.903 6.434 5
-6.224 3.917 6.438 5
-6.231 3.917 6.508 5
-6.251 3.915 6.492 5
-6.277 3.877 6.536 5
-6.312 3.848 6.509 5
-6.338 3.824 6.491 5
-6.341 3.854 6.499 5
-6.333 3.868 6.541 5
-6.309 3.86 6.562 5
-6.287 3.863 6.48 5
-6.331 3.839 6.454 5
-6.353 3.806 6.49 5
-6.324 3.804 6.444 6
-6.318 3.834 6.37 5
-6.299 3.845 6.418 5
-6.264 3.845 6.39 5
-6.304 3.874 6.316 5
-6.342 3.886 6.334 5
-6.357 3.887 6.336 5
-6.348 3.833 6.377 5
-6.36 3.795 6.439 5
-6.35 3.786 6.463 5
-6.369 3.802 6.474 5
-6.328 3.814 6.491 5
-6.298 3.834 6.483 5
-6.33 3.835 6.401 5
-6.318 3.816 6.489 5
-6.303 3.856 6.405 5
-6.304 3.839 6.377 5
-6.274 3.819 6.445 5
-6.259 3.795 6.366 5
-6.274 3.817 6.4 5
-6.299 3.762 6.417 5
-6.344 3.777 6.356 5
-6.39 3.799 6.423 5
-6.35 3.825 6.437 5
-6.32 3.867 6.52 5
-6.322 3.849 6.46 5
-6.288 3.85 6.457 5
-6.281 3.817 6.449 5
-6.317 3.801 6.378 5
-6.331 3.803 6.352 6
-6.339 3.789 6.355 5
-6.321 3.821 6.4 5
-6.313 3.84 6.438 5
-6.283 3.842 6.478 5
-6.252 3.862 6.488 5
-6.228 3.864 6.519 5
-6.221 3.842 6.502 5
-6.245 3.831 6.47 5
-6.277 3.823 6.49 5
-6.311 3.824 6.501 5
-6.32 3.825 6.53 5
-6.324 3.838 6.56 5
-6.301 3.868 6.549 5
-6.246 3.828 6.563 5
-6.236 3.828 6.584 5
-6.239 3.839 6.484 5
-6.272 3.82 6.46 5
-6.283 3.831 6.446 5
-6.274 3.847 6.438 5
-6.295 3.829 6.458 5
-6.292 3.81 6.444 5
-6.26 3.801 6.484 5
-6.26 3.845 6.523 5
-6.266 3.852 6.532 5
-6.288 3.841 6.489 5
-6.299 3.806 6.532 5
-6.293 3.829 6.526 5
-6.288 3.847 6.465 6
-6.308 3.863 6.528 5
-6.274 3.854 6.501 5
-6.242 3.905 6.418 5
-6.24 3.846 6.44 5
-6.266 3.828 6.365 5
-6.3 3.778 6.495 5
-6.309 3.809 6.484 5
-6.315 3.841 6.484 5
-6.285 3.865 6.508 5
-6.293 3.831 6.514 5
-6.272 3.842 6.524 5
-6.286 3.838 6.552 5
-6.269 3.818 6.567 5
-6.294 3.789 6.516 5
-6.327 3.79 6.569 5
-6.337 3.765 6.584 5
-6.322 3.753 6.573 5
-6.313 3.732 6.616 5
-6.327 3.696 6.612 5
-6.328 3.638 6.552 5
-6.343 3.592 6.515 5
-6.432 3.605 6.517 5
-6.495 3.63 6.565 5
-6.46 3.628 6.574 5
-6.387 3.649 6.53 5
-6.37 3.633 6.41 5
-6.406 3.618 6.334 5
-6.406 3.627 6.327 6
-6.403 3.625 6.38 5
-6.336 3.657 6.349 5
-6.281 3.619 6.298 5
-6.265 3.646 6.292 5
-6.287 3.739 6.349 5
-6.371 3.748 6.491 5
-6.341 3.687 6.508 5
-6.249 3.689 6.338 5
-6.307 3.697 6.343 5
-6.35 3.674 6.297 5
-6.34 3.713 6.381 5
-6.349 3.704 6.376 5
-6.279 3.629 6.395 5
-6.321 3.666 6.479 5
-6.362 3.659 6.528 5
-6.383 3.658 6.566 5
-6.304 3.659 6.609 5
-6.247 3.738 6.563 5
-6.182 3.751 6.643 5
-6.174 3.755 6.703 5
-6.161 3.804 6.753 5
-6.162 3.74 6.765 5
-6.157 3.685 6.781 5
-6.177 3.658 6.769 5
-6.196 3.661 6.681 5
-6.19 3.7 6.678 5
-6.181 3.734 6.636 5
-6.174 3.749 6.609 6
-6.175 3.748 6.538 5
-6.17 3.718 6.531 5
-6.145 3.682 6.545 5
-6.205 3.679 6.51 5
-6.275 3.701 6.5 5
-6.308 3.719 6.633 5
-6.291 3.68 6.768 5
-6.205 3.649 6.826 5
-6.115 3.638 6.798 5
-6.088 3.64 6.753 5
-6.08 3.664 6.796 5
-6.089 3.603 6.76 5
-6.1 3.579 6.695 5
-6.146 3.571 6.682 5
-6.187 3.582 6.736 5
-6.181 3.579 6.867 5
-6.156 3.578 6.836 5
-6.179 3.588 6.766 5
-6.162 3.562 6.689 5
-6.216 3.566 6.63 5
-6.244 3.598 6.669 5
-6.259 3.581 6.639 5
-6.252 3.528 6.64 5
-6.244 3.527 6.663 5
-6.227 3.595 6.634 5
-6.158 3.597 6.662 5
-6.209 3.658 6.667 5
-6.201 3.649 6.669 5
-6.179 3.635 6.641 6
-6.193 3.655 6.651 5
-6.122 3.613 6.627 5
-5.893 3.615 6.433 5
-5.974 3.606 6.311 5
-6.61 3.485 6.743 5
-6.704 3.434 6.747 5
-6.323 3.588 6.583 5
-6.215 3.63 6.91 5
-6.205 3.549 7.078 5
-6.137 3.552 6.939 5
-6.07 3.592 6.787 5
-6.084 3.587 6.674 5
-5.989 3.488 6.482 5
-5.921 3.497 6.21 5
-6.185 3.495 6.468 5
-6.417 3.498 6.626 5
-6.277 3.59 6.555 5
-6.12 3.542 6.755 5
-6.248 3.434 6.958 5
-6.307 3.455 6.967 5
-6.244 3.536 6.908 5
-6.187 3.516 6.926 5
-6.161 3.506 6.987 5
-6.169 3.478 6.943 5
-6.17 3.463 6.899 5
-6.142 3.494 6.877 5
-6.097 3.558 6.851 5
-6.121 3.524 6.931 6
-6.098 3.56 6.869 5
-6.103 3.542 6.929 5
-6.102 3.553 6.993 5
-6.134 3.534 7.004 5
-6.123 3.512 6.952 5
-6.147 3.521 6.987 5
-6.147 3.567 6.962 5
-6.142 3.524 6.98 5
-6.169 3.507 6.975 5
-6.15 3.514 6.998 5
-6.15 3.512 7.042 5
-6.156 3.485 7.031 5
-6.172 3.482 7.057 5
-6.137 3.472 7.038 5
-6.106 3.487 6.978 5
-6.11 3.519 6.884 5
-6.139 3.534 6.785 5
-6.124 3.533 6.78 5
-6.115 3.544 6.78 5
-6.099 3.557 6.828 5
-6.078 3.563 6.882 5
-6.033 3.577 6.841 5
-5.968 3.61 6.822 5
-5.909 3.655 6.777 5
-5.892 3.672 6.747 5
-5.919 3.666 6.756 5
-5.936 3.679 6.737 5
-5.988 3.682 6.779 6
-6.037 3.666 6.846 5
-6.056 3.644 6.794 5
-6.104 3.617 6.799 5
-6.151 3.612 6.811 5
-6.117 3.644 6.743 5
-6.131 3.699 6.665 5
-6.168 3.732 6.662 5
-6.22 3.743 6.564 5
-6.225 3.752 6.505 5
-6.153 3.721 6.447 5
-6.23 3.726 6.315 5
-6.31 3.788 6.132 5
-6.361 3.799 6.141 5
-6.397 3.791 6.18 5
-6.458 3.758 6.292 5
-6.503 3.668 6.297 5
-6.507 3.673 6.323 5
-6.54 3.637 6.366 5
-6.532 3.623 6.45 5
-6.606 3.611 6.454 5
-6.601 3.629 6.51 5
-6.607 3.617 6.473 5
-6.553 3.599 6.457 5
-6.477 3.652 6.484 5
-6.387 3.676 6.444 5
-6.317 3.726 6.34 5
-6.306 3.737 6.32 5
-6.296 3.738 6.319 6
-6.313 3.717 6.279 5
-6.336 3.689 6.31 5
-6.368 3.64 6.304 5
-6.394 3.618 6.322 5
-6.455 3.629 6.327 5
-6.441 3.622 6.298 5
-6.448 3.621 6.31 5
-6.474 3.637 6.339 5
-6.467 3.656 6.347 5
-6.453 3.677 6.308 5
-6.452 3.64 6.319 5
-6.411 3.633 6.37 5
-6.388 3.627 6.44 5
-6.343 3.639 6.516 5
-6.318 3.695 6.503 5
-6.332 3.688 6.463 5
-6.302 3.689 6.5 5
-6.333 3.705 6.534 5
-6.349 3.725 6.52 5
-6.357 3.678 6.512 5
-6.386 3.704 6.498 5
-6.363 3.66 6.503 5
-6.346 3.686 6.472 5
-6.376 3.673 6.582 5
-6.372 3.647 6.494 5
-6.369 3.662 6.503 5
-6.364 3.657 6.491 5
-6.42 3.689 6.602 5
-6.354 3.659 6.526 6
-6.369 3.675 6.58 5
-6.389 3.659 6.481 5
-6.367 3.62 6.547 5
-6.37 3.613 6.643 5
-6.366 3.629 6.575 5
-6.365 3.625 6.598 5
-6.277 3.637 6.563 5
-6.266 3.626 6.547 5
-6.272 3.605 6.528 5
-6.276 3.655 6.47 5
-6.328 3.652 6.401 5
-6.352 3.637 6.452 5
-6.33 3.668 6.452 5
-6.304 3.693 6.485 5
-6.3 3.659 6.521 5
-6.271 3.64 6.509 5
-6.265 3.606 6.553 5
-6.31 3.586 6.602 5
-6.342 3.578 6.591 5
-6.329 3.555 6.58 5
-6.358 3.57 6.566 5
-6.367 3.584 6.571 5
-6.355 3.627 6.592 5
-6.312 3.645 6.594 5
-6.275 3.673 6.607 5
-6.281 3.682 6.645 5
-6.286 3.651 6.603 5
-6.27 3.63 6.558 6
-6.276 3.624 6.594 5
-6.308 3.627 6.618 5
-6.26 3.636 6.623 5
-6.252 3.649 6.612 5
-6.276 3.624 6.693 5
-6.252 3.637 6.75 5
-6.201 3.676 6.765 5
-6.171 3.678 6.788 5
-6.13 3.696 6.819 5
-6.137 3.713 6.835 5
-6.14 3.681 6.684 5
-6.191 3.647 6.648 5
-6.228 3.631 6.564 5
-6.227 3.641 6.527 5
-6.219 3.649 6.612 5
-6.25 3.642 6.637 5
-6.27 3.602 6.63 5
-6.27 3.583 6.613 5
-6.289 3.554 6.625 5
-6.281 3.569 6.636 5
-6.275 3.548 6.618 5
-6.274 3.572 6.62 5
-6.283 3.604 6.601 5
-6.274 3.604 6.65 5
-6.256 3.616 6.688 5
-6.267 3.591 6.701 5
-6.281 3.596 6.717 5
-6.26 3.599 6.755 6
-6.254 3.614 6.721 5
-6.263 3.64 6.713 5
-6.27 3.63 6.728 5
-6.304 3.622 6.663 5
-6.303 3.621 6.649 5
-6.306 3.613 6.616 5
-6.283 3.616 6.605 5
-6.286 3.602 6.652 5
-6.276 3.588 6.679 5
-6.272 3.613 6.633 5
-6.304 3.609 6.64 5
-6.33 3.579 6.654 5
-6.319 3.562 6.631 5
-6.271 3.555 6.618 5
-6.242 3.596 6.611 5
-6.226 3.565 6.576 5
-6.193 3.542 6.607 5
-6.236 3.575 6.645 5
-6.219 3.535 6.537 5
-6.272 3.537 6.654 5
-6.267 3.492 6.616 5
-6.299 3.52 6.658 5
-6.281 3.523 6.671 5
-6.327 3.535 6.654 5
-6.287 3.589 6.647 5
-6.279 3.582 6.64 5
-6.29 3.57 6.653 5
-6.295 3.559 6.539 6
-6.302 3.543 6.636 5
-6.304 3.605 6.55 5
-6.258 3.589 6.557 5
-6.247 3.609 6.573 5
-6.224 3.628 6.602 5
-6.208 3.615 6.625 5
-6.225 3.613 6.636 5
-6.216 3.626 6.684 5
-6.206 3.666 6.746 5
-6.177 3.647 6.694 5
-6.205 3.65 6.634 5
-6.253 3.648 6.64 5
-6.278 3.638 6.647 5
-6.279 3.607 6.654 5
-6.289 3.591 6.671 5
-6.295 3.595 6.695 5
-6.24 3.599 6.729 5
-6.226 3.598 6.783 5
-6.23 3.614 6.781 5
-6.23 3.636 6.687 5
-6.246 3.6 6.583 5
-6.262 3.619 6.568 5
-6.268 3.629 6.576 5
-6.254 3.619 6.59 5
-6.251 3.612 6.608 5
-6.231 3.609 6.64 5
-6.198 3.595 6.62 5
-6.239 3.584 6.628 5
-6.193 3.562 6.62 6
-6.185 3.548 6.57 5
-6.22 3.604 6.66 5
-6.192 3.616 6.529 5
-6.213 3.586 6.569 5
-6.155 3.573 6.604 5
-6.183 3.576 6.631 5
-6.189 3.579 6.633 5
-6.231 3.609 6.622 5
-6.244 3.606 6.564 5
-6.241 3.622 6.553 5
-6.282 3.62 6.621 5
-6.271 3.573 6.583 5
-6.239 3.579 6.662 5
-6.258 3.586 6.659 5
-6.26 3.613 6.684 5
-6.246 3.593 6.723 5
-6.218 3.617 6.711 5
-6.218 3.602 6.715 5
-6.22 3.581 6.703 5
-6.227 3.588 6.718 5
-6.217 3.601 6.659 5
-6.207 3.624 6.643 5
-6.239 3.63 6.696 5
-6.225 3.625 6.699 5
-6.217 3.62 6.677 5
-6.223 3.628 6.686 5
-6.188 3.61 6.718 5
-6.191 3.614 6.718 6
-6.209 3.613 6.625 5
-6.204 3.591 6.6 5
-6.203 3.604 6.612 5
-6.204 3.61 6.59 5
-6.176 3.622 6.58 5
-6.145 3.663 6.605 5
-6.174 3.652 6.657 5
-6.187 3.626 6.613 5
-6.191 3.632 6.666 5
-6.19 3.637 6.627 5
-6.178 3.638 6.651 5
-6.188 3.654 6.65 5
-6.144 3.646 6.691 5
-6.171 3.645 6.628 5
-6.212 3.626 6.669 5
-6.211 3.621 6.711 5
-6.218 3.64 6.677 5
-6.207 3.619 6.739 5
-6.225 3.625 6.656 5
-6.217 3.583 6.69 5
-6.222 3.562 6.713 5
-6.218 3.604 6.683 5
-6.245 3.585 6.653 5
-6.195 3.587 6.718 5
-6.223 3.596 6.713 5
-6.208 3.577 6.714 5
-6.2 3.627 6.721 5
-6.205 3.579 6.711 6
-6.201 3.58 6.696 5
-6.204 3.607 6.662 5
-6.189 3.579 6.591 5
-6.148 3.575 6.572 5
-6.14 3.622 6.601 5
-6.109 3.638 6.641 5
-6.095 3.638 6.678 5
-6.111 3.642 6.655 5
-6.13 3.622 6.618 5
-6.156 3.586 6.589 5
-6.194 3.562 6.612 5
-6.228 3.556 6.624 5
-6.219 3.575 6.673 5
-6.24 3.576 6.658 5
-6.241 3.59 6.589 5
-6.273 3.606 6.593 5
-6.249 3.606 6.604 5
-6.197 3.617 6.461 5
-6.169 3.619 6.499 5
-6.185 3.601 6.499 5
-6.254 3.528 6.473 5
-6.321 3.545 6.505 5
-6.335 3.496 6.449 5
-6.307 3.468 6.476 5
-6.108 3.343 6.196 5
-5.733 3.276 5.931 5
-6.053 3.478 6.341 5
-6.602 3.526 6.909 6
-6.652 3.38 6.767 5
-6.352 3.535 6.734 5
-6.075 3.567 6.995 5
-5.55 3.353 6.611 5
-5.759 3.385 6.71 5
-6.272 3.403 7.381 5
-6.505 3.476 7.138 5
-6.349 3.426 7.439 5
-5.931 3.435 7.45 5
-5.613 3.426 7.353 5
-5.525 3.426 7.104 5
-5.572 3.444 6.881 5
-5.607 3.459 6.72 5
-5.546 3.418 6.621 5
-5.76 3.362 7.03 5
-6.046 3.302 7.42 5
-5.857 3.43 7.127 5
-5.711 3.537 7.198 5
-5.698 3.537 7.478 5
-5.578 3.522 7.478 5
-5.464 3.535 7.398 5
-5.466 3.556 7.452 5
-5.526 3.541 7.523 5
-5.55 3.545 7.568 5
-5.547 3.54 7.5 5
-5.496 3.535 7.452 5
-5.455 3.528 7.534 5
-5.435 3.484 7.611 5
-5.401 3.488 7.617 6
-5.417 3.433 7.566 5
-5.437 3.44 7.57 5
-5.461 3.42 7.514 5
-5.522 3.428 7.513 5
-5.558 3.387 7.475 5
-5.583 3.355 7.49 5
-5.592 3.398 7.473 5
-5.555 3.417 7.364 5
-5.577 3.43 7.34 5
-5.559 3.393 7.319 5
-5.517 3.471 7.207 5
-5.576 3.453 7.271 5
-5.515 3.489 7.267 5
-5.517 3.47 7.166 5
-5.438 3.426 7.078 5
-5.352 3.397 6.976 5
-5.624 3.409 7.195 5
-5.917 3.467 7.411 5
-5.834 3.51 7.133 5
-5.553 3.507 7.156 5
-5.44 3.5 7.203 5
-5.483 3.479 7.164 5
-5.589 3.475 7.228 5
-5.635 3.482 7.332 5
-5.665 3.472 7.323 5
-5.676 3.42 7.258 5
-5.734 3.373 7.271 5
-5.78 3.332 7.279 6
-5.82 3.348 7.252 5
-5.862 3.332 7.238 5
-5.86 3.322 7.242 5
-5.791 3.347 7.2 5
-5.773 3.374 7.175 5
-5.758 3.347 7.182 5
-5.705 3.326 7.215 5
-5.698 3.342 7.261 5
-5.684 3.341 7.276 5
-5.65 3.333 7.279 5
-5.669 3.332 7.189 5
-5.697 3.37 7.129 5
-5.678 3.396 7.141 5
-5.679 3.358 7.132 5
-5.692 3.384 7.14 5
-5.693 3.406 7.144 5
-5.692 3.421 7.105 5
-5.714 3.406 7.046 5
-5.727 3.4 7.148 5
-5.712 3.406 7.116 5
-5.712 3.423 6.998 5
-5.69 3.423 6.98 5
-5.723 3.444 7.051 5
-5.713 3.424 7.097 5
-5.743 3.429 7.109 5
-5.747 3.415 7.222 5
-5.758 3.424 7.187 5
-5.707 3.43 7.188 6
-5.749 3.449 7.183 5
-5.759 3.413 7.159 5
-5.752 3.423 7.207 5
-5.723 3.424 7.232 5
-5.718 3.413 7.222 5
-5.721 3.422 7.3 5
-5.694 3.408 7.33 5
-5.642 3.413 7.276 5
-5.688 3.393 7.258 5
-5.756 3.35 7.213 5
-5.755 3.342 7.178 5
-5.742 3.369 7.172 5
-5.745 3.365 7.141 5
-5.722 3.388 7.076 5
-5.711 3.408 7.085 5
-5.721 3.404 7.102 5
-5.716 3.405 7.093 5
-5.697 3.415 7.127 5
-5.704 3.395 7.134 5
-5.734 3.393 7.136 5
-5.745 3.386 7.084 5
-5.765 3.37 7.073 5
-5.777 3.364 7.131 5
-5.748 3.342 7.126 5
-5.76 3.346 7.169 5
-5.778 3.369 7.246 5
-5.741 3.367 7.269 5
-5.747 3.378 7.2 6
-5.716 3.418 7.246 5
-5.69 3.402 7.233 5
-5.721 3.428 7.281 5
-5.705 3.403 7.283 5
-5.683 3.397 7.154 5
-5.688 3.483 7.175 5
-5.689 3.448 7.12 5
-5.716 3.476 7.094 5
-5.718 3.482 7.146 5
-5.708 3.499 7.104 5
-5.675 3.478 7.1 5
-5.633 3.493 7.184 5
-5.674 3.508 7.143 5
-5.624 3.516 7.157 5
-5.591 3.566 7.19 5
-5.578 3.547 7.244 5
-5.544 3.546 7.206 5
-5.532 3.588 7.256 5
-5.552 3.612 7.225 5
-5.569 3.608 7.243 5
-5.597 3.62 7.285 5
-5.611 3.65 7.235 5
-5.601 3.625 7.194 5
-5.559 3.611 7.223 5
-5.53 3.609 7.249 5
-5.504 3.642 7.344 5
-5.477 3.668 7.409 5
-5.452 3.67 7.382 6
-5.469 3.679 7.347 5
-5.47 3.698 7.374 5
-5.452 3.73 7.377 5
-5.429 3.743 7.413 5
-5.46 3.738 7.48 5
-5.514 3.74 7.453 5
-5.563 3.739 7.453 5
-5.485 3.687 7.304 5
-5.532 3.646 7.195 5
-5.62 3.698 7.139 5
-5.605 3.763 7.156 5
-5.581 3.794 7.003 5
-5.557 3.778 7.056 5
-5.728 3.593 6.827 5
-6.08 3.342 6.932 5
-6.196 3.183 7.018 5
-6.102 3.283 6.959 5
-6.089 3.349 7.05 5
-6.057 3.433 7.093 5
-6.009 3.587 7.246 5
-5.966 3.713 7.151 5
-5.902 3.825 7.002 5
-5.806 4.192 6.816 5
-5.992 3.992 6.624 5
-5.991 4.144 6.571 5
-5.755 4.23 6.808 5
-5.419 4.336 6.905 5
-5.209 4.414 7.047 5
-5.094 4.537 7.451 6
-4.994 4.662 7.536 5
-4.919 4.768 7.609 5
-4.798 4.807 7.677 5
-4.695 4.755 7.752 5
-4.682 4.695 7.849 5
-4.712 4.619 7.901 5
-4.751 4.515 7.972 5
-4.759 4.179 7.95 5
-4.812 3.866 7.732 5
-4.947 3.838 7.67 5
-5.2 3.858 7.927 5
-5.462 3.787 8.108 5
-5.511 3.664 8.19 5
-5.159 3.249 7.85 5
-4.632 2.885 6.742 5
-4.968 3.14 7.546 5
-5.432 3.469 8.568 5
-5.273 3.293 7.819 5
-5.191 3.15 7.277 5
-5.126 3.108 7.245 5
-5.08 2.944 6.317 5
-5.195 2.721 5.387 5
-5.196 2.725 5.485 5
-5.07 2.928 5.806 5
-4.947 2.98 6.085 5
-4.836 3.067 6.188 5
-4.719 3.215 6.169 5
-4.733 3.364 6.302 6
-4.708 3.767 6.594 5
-4.568 4.103 7.049 5
-4.354 4.469 7.337 5
-4.068 4.807 7.57 5
-3.723 5.196 7.592 5
-3.444 5.485 7.64 5
-3.085 5.862 7.787 5
-2.827 6.119 7.981 5
-2.499 6.231 8.113 5
-2.209 6.277 8.168 5
-2.018 6.271 8.047 5
-1.885 6.204 7.847 5
-1.89 6.108 7.746 5
-1.934 6.015 7.691 5
-2.021 5.846 7.743 5
-2.129 5.611 7.789 5
-2.256 5.413 7.742 5
-2.424 5.227 7.767 5
-2.618 5.084 7.839 5
-2.795 5.062 7.916 5
-2.949 5.102 8.011 5
-2.994 5.14 8.014 5
-2.961 5.196 8.029 5
-2.94 5.258 8.147 5
-2.884 5.23 8.27 5
-2.798 5.198 8.296 5
-2.727 5.184 8.229 5
-2.691 5.183 8.167 6
-2.592 5.173 8.156 5
-2.518 5.181 8.065 5
-2.476 5.229 7.994 5
-2.492 5.248 7.944 5
-2.554 5.292 7.993 5
-2.579 5.356 8.107 5
-2.531 5.428 8.19 5
-2.481 5.407 8.293 5
-2.485 5.435 8.368 5
-2.45 5.39 8.457 5
-2.464 5.364 8.531 5
-2.443 5.294 8.494 5
-2.438 5.305 8.618 5
-2.428 5.251 8.427 5
-2.446 5.208 8.312 5
-2.417 5.257 8.168 5
-2.414 5.266 8.031 5
-2.404 5.265 7.848 5
-2.396 5.266 7.811 5
-2.442 5.297 7.627 5
-2.454 5.314 7.387 5
-2.457 5.304 7.25 5
-2.409 5.333 7.126 5
-2.419 5.374 7.117 5
-2.401 5.368 6.992 5
-2.362 5.399 6.955 5
-2.357 5.427 6.964 5
-2.346 5.446 6.951 6
-2.364 5.425 7.0 5
-2.393 5.406 7.044 5
-2.373 5.397 7.068 5
-2.429 5.342 7.036 5
-2.46 5.286 7.22 5
-2.411 5.33 7.39 5
-2.373 5.389 7.417 5
-2.41 5.408 7.334 5
-2.451 5.425 7.258 5
-2.455 5.412 7.21 5
-2.454 5.383 7.292 5
-2.414 5.385 7.368 5
-2.363 5.393 7.499 5
-2.282 5.405 7.616 5
-2.238 5.384 7.712 5
-2.153 5.366 8.574 5
-2.177 5.393 8.719 5
-2.304 5.483 7.891 5
-2.385 5.413 7.37 5
-2.484 5.276 7.247 5
-2.427 5.283 7.211 5
-2.358 5.323 7.402 5
-2.28 5.384 7.411 5
-2.323 5.33 7.45 5
-2.462 5.32 7.641 5
-2.528 5.32 7.923 5
-2.515 5.31 8.304 5
-2.492 5.268 8.466 5
-2.55 5.184 8.493 6
-2.613 5.157 8.49 5
-2.619 5.135 8.408 5
-2.568 5.192 8.33 5
-2.52 5.255 8.279 5
-2.463 5.326 8.121 5
-2.432 5.369 7.913 5
-2.387 5.37 7.74 5
-2.343 5.376 7.604 5
-2.318 5.416 7.448 5
-2.267 5.486 7.355 5
-2.244 5.577 7.321 5
-2.226 5.604 7.312 5
-2.192 5.62 7.381 5
-2.183 5.612 7.518 5
-2.174 5.537 7.576 5
-2.142 5.479 7.685 5
-2.117 5.406 7.823 5
-2.132 5.323 7.848 5
-2.189 5.23 7.789 5
-2.245 5.183 7.679 5
-2.318 5.112 7.557 5
-2.428 5.022 7.415 5
-2.512 4.986 7.401 5
-2.611 5.026 7.364 5
-2.722 5.046 7.263 5
-2.838 5.052 7.23 5
-2.924 5.007 7.245 5
-2.867 4.989 7.517 6
-2.74 5.018 7.782 5
-2.69 5.048 8.025 5
-2.651 5.078 8.213 5
-2.621 5.037 8.351 5
-2.622 5.056 8.442 5
-2.653 5.011 8.466 5
-2.642 4.998 8.502 5
-2.691 4.963 8.428 5
-2.696 5.055 8.434 5
-2.708 5.033 8.336 5
-2.714 4.994 8.362 5
-2.684 5.016 8.275 5
-2.658 5.069 8.214 5
-2.669 5.095 8.137 5
-2.677 5.093 8.073 5
-2.709 5.068 7.997 5
-2.736 5.042 7.972 5
-2.779 4.983 7.862 5
-2.834 4.948 7.768 5
-2.838 4.953 7.735 5
-2.838 4.968 7.709 5
-2.833 4.991 7.742 5
-2.825 5.001 7.759 5
-2.812 4.96 7.781 5
-2.846 4.913 7.807 5
-2.893 4.863 7.802 5
-2.928 4.854 7.783 5
-2.952 4.862 7.769 6
-2.934 4.893 7.816 5
-2.911 4.874 7.826 5
-2.903 4.866 7.835 5
-2.904 4.869 7.852 5
-2.916 4.822 7.882 5
-2.998 4.783 7.94 5
-3.071 4.781 7.914 5
-3.07 4.745 7.947 5
-3.146 4.673 8.05 5
-3.236 4.71 8.024 5
-3.346 4.754 7.945 5
-3.454 4.783 7.95 5
-3.411 4.81 8.023 5
-3.278 4.766 7.996 5
-3.19 4.708 8.032 5
-3.204 4.697 8.021 5
-3.207 4.68 8.058 5
-3.217 4.618 8.092 5
-3.243 4.656 8.149 5
-3.244 4.635 8.14 5
-3.254 4.632 8.102 5
-3.243 4.654 8.01 5
-3.272 4.619 7.918 5
-3.231 4.519 7.912 5
-3.269 4.566 8.02 5
-3.291 4.66 7.861 5
-3.342 4.705 7.685 5
-3.317 4.748 7.683 6
-3.227 4.746 7.721 5
-3.196 4.711 7.765 5
-3.167 4.729 7.76 5
-3.166 4.702 7.788 5
-3.238 4.666 7.831 5
-3.315 4.674 7.801 5
-3.416 4.668 7.824 5
-3.465 4.638 7.887 5
-3.453 4.626 7.898 5
-3.471 4.62 7.884 5
-3.463 4.594 7.945 5
-3.446 4.594 7.942 5
-3.429 4.581 7.934 5
-3.451 4.589 7.892 5
-3.478 4.581 7.894 5
-3.463 4.532 7.909 5
-3.453 4.489 7.96 5
-3.459 4.498 7.956 5
-3.492 4.513 7.923 5
-3.546 4.509 7.974 5
-3.539 4.489 7.971 5
-3.535 4.483 7.999 5
-3.568 4.471 7.948 5
-3.592 4.444 8.02 5
-3.612 4.454 7.967 5
-3.608 4.309 7.837 5
-3.625 4.35 8.093 5
-3.601 4.391 8.006 5
-3.617 4.515 7.817 6
-3.664 4.548 7.671 5
-3.643 4.611 7.68 5
-3.583 4.552 7.685 5
-3.51 4.527 7.71 5
-3.513 4.47 7.712 5
-3.492 4.471 7.817 5
-3.525 4.497 7.786 5
-3.529 4.489 7.811 5
-3.58 4.507 7.816 5
-3.582 4.545 7.845 5
-3.583 4.522 7.783 5
-3.622 4.545 7.809 5
-3.644 4.558 7.796 5
-3.643 4.552 7.751 5
-3.627 4.528 7.737 5
-3.637 4.496 7.795 5
-3.638 4.481 7.836 5
-3.64 4.465 7.838 5
-3.649 4.455 7.842 5
-3.635 4.463 7.838 5
-3.612 4.487 7.832 5
-3.608 4.51 7.835 5
-3.61 4.512 7.836 5
-3.609 4.496 7.866 5
-3.636 4.464 7.888 5
-3.681 4.467 7.964 5
-3.706 4.449 8.025 5
-3.713 4.433 8.058 6
-3.708 4.391 8.053 5
-3.708 4.393 8.018 5
-3.71 4.388 8.022 5
-3.732 4.436 8.02 5
-3.719 4.397 8.003 5
-3.704 4.425 7.953 5
-3.676 4.416 7.903 5
-3.661 4.471 7.827 5
-3.697 4.462 7.831 5
-3.716 4.463 7.711 5
-3.708 4.454 7.771 5
-3.681 4.454 7.728 5
-3.745 4.414 7.669 5
-3.732 4.445 7.696 5
-3.699 4.444 7.684 5
-3.69 4.411 7.737 5
-3.68 4.431 7.737 5
-3.659 4.442 7.739 5
-3.667 4.465 7.772 5
-3.719 4.454 7.856 5
-3.723 4.479 7.707 5
-3.68 4.491 7.708 5
-3.686 4.483 7.743 5
-3.673 4.454 7.774 5
-3.637 4.456 7.775 5
-3.652 4.487 7.778 5
-3.677 4.463 7.822 5
-3.677 4.48 7.848 6
-3.674 4.471 7.844 5
-3.697 4.462 7.847 5
-3.72 4.457 7.843 5
-3.698 4.471 7.853 5
-3.67 4.492 7.845 5
-3.683 4.485 7.816 5
-3.713 4.442 7.794 5
-3.717 4.415 7.795 5
-3.745 4.423 7.85 5
-3.775 4.415 7.861 5
-3.77 4.432 7.848 5
-3.771 4.441 7.935 5
-3.779 4.454 7.862 5
-3.779 4.425 7.911 5
-3.79 4.412 7.915 5
-3.774 4.415 7.949 5
-3.781 4.416 7.886 5
-3.757 4.426 7.86 5
-3.74 4.455 7.792 5
-3.788 4.42 7.832 5
-3.804 4.394 7.828 5
-3.771 4.358 7.882 5
-3.8 4.389 7.88 5
-3.784 4.383 7.816 5
-3.807 4.407 7.85 5
-3.752 4.415 7.803 5
-3.773 4.441 7.797 5
-3.764 4.399 7.819 6
-3.767 4.387 7.818 5
-3.783 4.425 7.792 5
-3.798 4.417 7.756 5
-3.801 4.442 7.806 5
-3.764 4.399 7.794 5
-3.785 4.406 7.793 5
-3.81 4.432 7.816 5
-3.776 4.427 7.804 5
-3.784 4.418 7.794 5
-3.811 4.427 7.831 5
-3.811 4.456 7.815 5
-3.806 4.467 7.757 5
-3.812 4.469 7.759 5
-3.798 4.473 7.796 5
-3.819 4.483 7.793 5
-3.836 4.47 7.814 5
-3.854 4.464 7.818 5
-3.827 4.467 7.827 5
-3.785 4.482 7.823 5
-3.804 4.461 7.778 5
-3.839 4.441 7.755 5
-3.806 4.438 7.761 5
-3.789 4.446 7.771 5
-3.765 4.465 7.807 5
-3.78 4.497 7.806 5
-3.746 4.501 7.814 5
-3.758 4.488 7.805 5
-3.796 4.495 7.753 5
-3.786 4.525 7.793 6
-3.808 4.472 7.714 5
-3.818 4.474 7.702 5
-3.826 4.469 7.763 5
-3.797 4.443 7.739 5
-3.809 4.456 7.735 5
-3.814 4.475 7.759 5
-3.815 4.482 7.791 5
-3.836 4.465 7.823 5
-3.801 4.496 7.783 5
-3.84 4.46 7.851 5
-3.854 4.458 7.843 5
-3.863 4.49 7.81 5
-3.866 4.433 7.874 5
-3.917 4.431 7.826 5
-3.86 4.456 7.848 5
-3.831 4.472 7.868 5
-3.848 4.481 7.754 5
-3.838 4.5 7.741 5
-3.862 4.502 7.709 5
-3.835 4.491 7.662 5
-3.835 4.486 7.665 5
-3.838 4.467 7.745 5
-3.822 4.431 7.817 5
-3.824 4.431 7.814 5
-3.81 4.462 7.856 5
-3.835 4.497 7.86 5
-3.856 4.5 7.81 5
-3.871 4.477 7.786 6
-3.881 4.483 7.733 5
-3.916 4.47 7.715 5
-3.924 4.423 7.761 5
-3.939 4.414 7.779 5
-3.95 4.457 7.763 5
-3.933 4.461 7.729 5
-3.932 4.467 7.732 5
-3.921 4.452 7.765 5
-3.926 4.447 7.784 5
-3.944 4.11 7.667 5
-3.89 4.12 8.101 5
-3.875 4.31 8.183 5
-3.937 4.475 7.884 5
-4.024 4.54 7.556 5
-4.035 4.636 7.575 5
-3.981 4.683 7.587 5
-3.943 4.604 7.621 5
-3.894 4.557 7.835 5
-3.803 4.572 8.104 5
-3.808 4.49 7.94 5
-3.859 4.394 7.889 5
-3.918 4.349 7.92 5
-3.889 4.422 7.879 5
-3.872 4.562 7.875 5
-3.886 4.682 7.813 5
-3.846 4.782 7.759 5
-3.81 4.795 7.728 5
-3.729 4.83 7.756 6
-3.826 4.882 7.788 5
-3.949 4.884 7.814 5
-3.898 4.806 7.677 5
-4.07 4.447 7.617 5
-4.583 4.024 7.632 5
-4.907 3.857 7.652 5
-5.119 3.73 7.63 5
-5.198 3.64 7.647 5
-5.173 3.644 7.629 5
-5.017 3.698 7.592 5
-4.832 3.798 7.588 5
-4.667 3.953 7.6 5
-4.502 4.175 7.619 5
-4.379 4.357 7.547 5
-4.306 4.508 7.486 5
-4.207 4.633 7.321 5
-4.144 4.706 7.177 5
-4.095 4.789 7.084 5
-4.079 4.813 6.944 5
-4.043 4.873 6.864 5
-4.03 4.951 6.858 5
-3.972 4.983 6.837 5
-3.964 5.099 6.817 5
-3.921 5.116 6.905 5
-3.891 5.081 6.94 5
-3.837 5.082 7.044 5
-3.852 5.069 7.201 5
-3.962 4.856 7.129 6
-4.079 4.679 7.114 5
-4.163 4.527 7.198 5
-4.208 4.442 7.379 5
-4.27 4.401 7.446 5
-4.28 4.395 7.554 5
-4.289 4.408 7.59 5
-4.283 4.461 7.533 5
-4.29 4.509 7.472 5
-4.269 4.559 7.463 5
-4.278 4.581 7.389 5
-4.287 4.631 7.352 5
-4.285 4.657 7.306 5
-4.246 4.687 7.286 5
-4.225 4.705 7.31 5
-4.205 4.716 7.363 5
-4.216 4.695 7.461 5
-4.251 4.669 7.527 5
-4.269 4.66 7.612 5
-4.301 4.654 7.604 5
-4.316 4.635 7.607 5
-4.284 4.617 7.68 5
-4.25 4.626 7.713 5
-4.21 4.616 7.753 5
-4.181 4.602 7.794 5
-4.154 4.603 7.771 5
-4.14 4.622 7.723 5
-4.152 4.644 7.671 5
-4.16 4.651 7.682 5
-4.195 4.665 7.635 6
-4.197 4.651 7.574 5
-4.198 4.652 7.53 5
-4.192 4.671 7.53 5
-4.21 4.654 7.538 5
-4.172 4.639 7.578 5
-4.197 4.588 7.558 5
-4.183 4.623 7.563 5
-4.181 4.608 7.577 5
-4.143 4.611 7.542 5
-4.168 4.636 7.528 5
-4.105 4.628 7.613 5
-4.149 4.573 7.493 5
-4.21 4.587 7.511 5
-4.279 4.525 7.505 5
-4.292 4.487 7.487 5
-4.339 4.464 7.484 5
-4.363 4.455 7.51 5
-4.375 4.412 7.51 5
-4.39 4.436 7.532 5
-4.369 4.437 7.513 5
-4.361 4.46 7.556 5
-4.302 4.478 7.574 5
-4.288 4.462 7.543 5
-4.318 4.466 7.464 5
-4.315 4.455 7.498 5
-4.329 4.473 7.452 5
-4.329 4.497 7.365 5
-4.351 4.472 7.364 6
-4.368 4.469 7.389 5
-4.372 4.48 7.371 5
-4.349 4.478 7.438 5
-4.299 4.473 7.526 5
-4.293 4.476 7.554 5
-4.297 4.483 7.575 5
-4.29 4.473 7.601 5
-4.271 4.485 7.633 5
-4.3 4.479 7.625 5
-4.4 4.471 7.596 5
-4.428 4.501 7.643 5
-4.415 4.453 7.702 5
-4.406 4.441 7.662 5
-4.392 4.413 7.676 5
-4.455 4.429 7.708 5
-4.463 4.36 7.597 5
-4.472 4.355 7.563 5
-4.514 4.382 7.481 5
-4.517 4.361 7.453 5
-4.523 4.374 7.377 5
-4.528 4.332 7.267 5
-4.607 4.353 7.338 5
-4.571 4.342 7.33 5
-4.562 4.417 7.285 5
-4.56 4.388 7.364 5
-4.606 4.395 7.383 5
-4.591 4.427 7.42 5
-4.588 4.422 7.473 6
-4.556 4.416 7.438 5
-4.561 4.423 7.433 5
-4.546 4.399 7.391 5
-4.555 4.387 7.36 5
-4.566 4.347 7.399 5
-4.548 4.348 7.41 5
-4.532 4.365 7.413 5
-4.52 4.404 7.441 5
-4.51 4.404 7.44 5
-4.526 4.429 7.452 5
-4.557 4.416 7.446 5
-4.56 4.419 7.417 5
-4.561 4.393 7.385 5
-4.554 4.38 7.374 5
-4.539 4.384 7.362 5
-4.511 4.383 7.39 5
-4.483 4.417 7.401 5
-4.441 4.436 7.398 5
-4.409 4.458 7.449 5
-4.4 4.495 7.444 5
-4.383 4.486 7.401 5
-4.428 4.479 7.413 5
-4.462 4.497 7.447 5
-4.463 4.45 7.42 5
-4.473 4.477 7.462 5
-4.454 4.475 7.441 5
-4.478 4.496 7.476 5
-4.46 4.474 7.565 6
-4.463 4.464 7.602 5
-4.439 4.422 7.585 5
-4.431 4.396 7.611 5
-4.491 4.341 7.611 5
-4.584 4.264 7.593 5
-4.656 4.214 7.62 5
-4.643 4.254 7.589 5
-4.647 4.277 7.481 5
-4.63 4.326 7.485 5
-4.656 4.309 7.173 5
-4.672 4.446 7.21 5
-4.621 4.483 7.169 5
-4.457 4.507 7.343 5
-4.304 4.526 7.41 5
-4.213 4.496 7.55 5
-4.144 4.492 7.702 5
-4.098 4.52 7.829 5
-4.103 4.646 7.836 5
-4.076 4.748 7.781 5
-4.164 4.769 7.776 5
-4.257 4.757 7.808 5
-4.381 4.662 7.811 5
-4.437 4.594 7.844 5
-4.452 4.526 7.879 5
-4.503 4.423 7.848 5
-4.577 4.324 7.729 5
-4.678 4.264 7.596 5
-4.772 4.23 7.4 5
-4.868 4.205 7.198 6
-4.912 4.18 7.031 5
-4.893 4.167 6.955 5
-4.848 4.19 6.986 5
-4.779 4.234 7.067 5
-4.679 4.272 7.173 5
-4.592 4.319 7.201 5
-4.511 4.371 7.284 5
-4.503 4.414 7.301 5
-4.537 4.444 7.297 5
-4.58 4.418 7.303 5
-4.592 4.405 7.268 5
-4.613 4.418 7.35 5
-4.604 4.387 7.347 5
-4.648 4.387 7.439 5
-4.614 4.414 7.409 5
-4.651 4.384 7.406 5
-4.622 4.413 7.376 5
-4.528 4.382 7.254 5
-4.615 4.329 7.23 5
-4.738 4.302 7.279 5
-4.773 4.302 7.301 5
-4.764 4.266 7.377 5
-4.756 4.309 7.509 5
-4.705 4.331 7.614 5
-4.621 4.372 7.635 5
-4.562 4.415 7.622 5
-4.552 4.417 7.588 5
-4.524 4.444 7.492 6
-4.52 4.463 7.474 5
-4.506 4.446 7.437 5
-4.538 4.441 7.412 5
-4.544 4.433 7.421 5
-4.533 4.438 7.473 5
-4.543 4.467 7.484 5
-4.575 4.444 7.454 5
-4.592 4.43 7.448 5
-4.618 4.455 7.481 5
-4.626 4.46 7.533 5
-4.627 4.451 7.535 5
-4.636 4.44 7.559 5
-4.62 4.451 7.505 5
-4.596 4.456 7.477 5
-4.59 4.437 7.461 5
-4.579 4.433 7.508 5
-4.584 4.443 7.479 5
-4.585 4.435 7.369 5
-4.605 4.443 7.375 5
-4.599 4.427 7.351 5
-4.599 4.413 7.323 5
-4.567 4.448 7.328 5
-4.553 4.454 7.355 5
-4.569 4.456 7.257 5
-4.569 4.433 7.279 5
-4.523 4.437 7.214 5
-4.555 4.421 7.22 5
-4.545 4.404 7.314 6
-4.624 4.378 7.261 5
-4.613 4.422 7.271 5
-4.65 4.385 7.39 5
-4.619 4.467 7.348 5
-4.651 4.428 7.377 5
-4.621 4.432 7.297 5
-4.665 4.459 7.264 5
-4.647 4.47 7.278 5
-4.609 4.504 7.312 5
-4.658 4.507 7.245 5
-4.662 4.475 7.341 5
-4.639 4.489 7.503 5
-4.566 4.532 7.576 5
-4.525 4.572 7.643 5
-4.479 4.665 7.691 5
-4.469 4.69 7.639 5
-4.342 4.711 7.56 5
-4.291 4.705 7.555 5
-4.462 4.705 7.449 5
-4.557 4.718 7.314 5
-4.564 4.7 7.268 5
-4.501 4.62 7.251 5
-4.404 4.568 7.316 5
-4.412 4.566 7.372 5
-4.469 4.599 7.403 5
-4.523 4.607 7.392 5
-4.591 4.483 7.306 5
-4.676 4.367 7.26 6
-4.706 4.33 7.264 5
-4.721 4.319 7.23 5
-4.667 4.382 7.25 5
-4.586 4.482 7.215 5
-4.546 4.62 7.207 5
-4.503 4.659 7.195 5
-4.485 4.701 7.156 5
-4.45 4.675 7.156 5
-4.473 4.696 7.172 5
-4.532 4.712 7.195 5
-4.511 4.641 7.215 5
-4.516 4.661 7.321 5
-4.522 4.618 7.378 5
-4.587 4.546 7.426 5
-4.631 4.515 7.441 5
-4.627 4.541 7.579 5
-4.638 4.576 7.463 5
-4.68 4.568 7.53 5
-4.808 4.593 7.582 5
-4.719 4.543 7.472 5
-4.593 4.49 7.271 5
-4.641 4.506 7.236 5
-4.745 4.486 7.304 5
-4.762 4.475 7.331 5
-4.764 4.483 7.358 5
-4.743 4.52 7.399 5
-4.725 4.573 7.426 5
-4.725 4.63 7.439 5
-4.661 4.667 7.366 6
-4.563 4.653 7.235 5
-4.548 4.656 7.198 5
-4.611 4.639 7.168 5
-4.704 4.64 7.096 5
-4.714 4.704 7.039 5
-4.695 4.753 7.061 5
-4.64 4.775 7.116 5
-4.54 4.758 7.201 5
-4.526 4.747 7.234 5
-4.583 4.729 7.255 5
-4.626 4.713 7.259 5
-4.668 4.66 7.212 5
-4.721 4.62 7.2 5
-4.752 4.585 7.177 5
-4.761 4.598 7.187 5
-4.704 4.608 7.264 5
-4.678 4.609 7.209 5
-4.69 4.598 7.17 5
-4.676 4.603 7.206 5
-4.672 4.587 7.137 5
-4.676 4.605 7.15 5
-4.681 4.654 7.138 5
-4.702 4.776 7.262 5
-4.622 4.76 7.286 5
-4.637 4.837 7.326 5
-4.616 4.84 7.411 5
-4.685 4.818 7.41 5
-4.703 4.832 7.5 6
-4.721 4.792 7.483 5
-4.675 4.786 7.427 5
-4.683 4.746 7.259 5
-4.691 4.71 7.202 5
-4.735 4.713 7.199 5
-4.748 4.721 7.084 5
-4.768 4.646 6.978 5
-4.828 4.589 6.89 5
-4.806 4.657 6.955 5
-4.753 4.686 6.937 5
-4.726 4.714 6.957 5
-4.729 4.714 7.012 5
-4.711 4.746 6.991 5
-4.71 4.703 6.887 5
-4.724 4.502 6.677 5
-4.814 4.353 6.55 5
-4.869 4.429 6.555 5
-4.86 4.635 6.682 5
-4.845 4.821 6.872 5
-4.834 4.964 7.024 5
-4.857 5.041 7.205 5
-4.925 5.045 7.371 5
-4.969 5.035 7.445 5
-5.027 4.935 7.421 5
-5.116 4.693 7.396 5
-5.168 4.473 7.334 5
-5.025 4.532 7.316 5
-5.103 4.498 7.371 6
-5.261 4.411 7.483 5
-5.366 4.316 7.392 5
-5.376 4.293 7.258 5
-5.374 4.347 7.12 5
-5.371 4.358 7.095 5
-5.383 4.331 7.148 5
-5.497 4.245 7.209 5
-5.743 4.247 7.15 5
-6.15 4.246 7.077 5
-6.083 4.283 7.042 5
-5.768 4.261 6.99 5
-5.5 4.302 6.857 5
-5.258 4.276 6.843 5
-5.152 4.192 6.781 5
-5.085 4.172 6.847 5
-5.022 4.177 6.777 5
-4.694 4.321 7.018 5
-4.624 4.405 6.992 5
-5.022 4.46 6.432 5
-5.214 4.362 6.15 5
-4.882 4.383 6.312 5
-4.456 4.576 6.56 5
-4.112 4.792 6.823 5
-3.883 4.985 7.055 5
-3.617 5.16 7.366 5
-3.305 5.269 7.712 5
-3.059 5.365 7.899 5
-2.836 5.509 8.043 6
-2.632 5.727 8.145 5
-2.493 5.979 8.178 5
-2.362 6.354 8.161 5
-2.17 6.792 8.132 5
-2.012 7.12 8.091 5
-2.009 7.325 8.035 5
-2.041 7.423 7.93 5
-2.03 7.552 7.946 5
-2.2 7.556 7.893 5
-2.62 7.651 7.704 5
-2.837 7.649 7.515 5
-2.947 7.565 7.349 5
-3.109 7.252 7.197 5
-3.425 6.867 7.082 5
-3.66 6.529 7.156 5
-3.73 6.294 7.23 5
-3.819 6.255 7.418 5
-3.914 6.193 7.463 5
-4.021 6.268 7.635 5
-4.184 6.107 7.751 5
-4.273 6.235 7.967 5
-4.289 6.323 8.056 5
-4.219 6.364 8.031 5
-4.24 6.437 8.09 5
-4.248 6.447 8.05 5
-4.341 6.48 8.095 5
-4.481 6.512 8.169 5
-4.525 6.612 8.197 5
-4.568 6.688 8.23 6
-4.511 6.733 8.254 5
-4.427 6.796 8.185 5
-4.316 6.878 8.148 5
-4.137 7.069 8.366 5
-4.086 7.21 8.387 5
-4.016 7.277 8.407 5
-3.957 7.29 8.31 5
-3.984 7.252 8.208 5
-4.018 7.214 8.173 5
-4.003 7.214 8.083 5
-3.943 7.234 7.981 5
-3.861 7.311 7.875 5
-3.809 7.42 7.777 5
-3.738 7.564 7.798 5
-3.683 7.692 7.819 5
-3.642 7.786 7.937 5
-3.566 7.851 8.031 5
-3.532 7.859 8.105 5
-3.475 7.932 8.223 5
-3.482 7.996 8.377 5
-3.489 8.077 8.598 5
-3.521 8.163 8.774 5
-3.578 8.201 8.901 5
-3.647 8.279 8.941 5
-3.745 8.344 8.946 5
-3.792 8.296 8.886 5
-3.829 8.216 8.729 5
-3.861 8.155 8.636 6
-3.848 8.111 8.461 5
-3.788 7.991 8.373 5
-3.74 7.956 8.165 5
-3.601 7.901 7.942 5
-3.43 7.868 7.736 5
-3.322 7.852 7.549 5
-3.177 7.896 7.51 5
-3.06 7.902 7.388 5
-2.951 7.913 7.337 5
-2.842 7.898 7.311 5
-2.865 7.964 7.285 5
-2.931 8.05 7.413 5
-3.056 8.222 7.598 5
-3.146 8.425 7.791 5
-3.19 8.607 7.823 5
-3.208 8.613 7.632 5
-3.198 8.508 7.488 5
-3.087 8.435 7.273 5
-2.871 8.414 7.051 5
-2.493 8.406 6.9 5
-1.951 8.517 6.941 5
-1.555 8.711 7.198 5
-1.361 8.778 7.557 5
-1.307 8.739 8.091 5
-1.254 8.628 8.57 5
-1.212 8.412 8.922 5
-1.257 8.254 9.226 5
-1.342 8.149 9.528 6
-1.372 8.038 9.836 5
-1.355 7.971 10.061 5
-1.382 7.879 10.229 5
-1.41 7.787 10.261 5
-1.413 7.728 10.378 5
-1.393 7.665 10.387 5
-1.459 7.537 10.236 5
-1.484 7.377 10.058 5
-1.374 7.277 9.914 5
-1.265 7.172 9.677 5
-1.148 7.111 9.546 5
-1.029 7.117 9.516 5
-0.884 7.094 9.718 5
-0.809 7.132 9.938 5
-0.67 7.099 10.22 5
-0.618 6.984 10.525 5
-0.56 6.817 10.574 5
-0.603 6.596 10.727 5
-0.877 6.471 10.878 5
-0.574 6.075 10.524 5
-0.22 5.667 10.107 5
0.077 5.393 9.863 5
0.369 5.184 9.694 5
0.605 5.076 9.6 5
0.933 5.047 9.642 5
1.301 4.999 9.596 5
1.677 4.907 9.309 5
2.175 4.877 8.941 6
2.634 4.885 8.658 5
2.993 4.954 8.547 5
3.216 5.029 8.42 5
3.33 4.987 8.204 5
3.319 4.852 7.981 5
3.053 4.803 7.892 5
2.805 4.656 7.697 5
2.702 4.291 7.328 5
2.285 3.812 6.963 5
1.899 3.225 6.585 5
1.666 2.808 6.358 5
1.477 2.604 6.276 5
1.242 2.447 6.122 5
1.047 2.365 5.844 5
1.042 2.56 6.252 5
1.246 2.717 7.336 5
1.575 2.735 8.212 5
2.042 2.857 8.187 5
2.351 2.99 7.578 5
2.459 3.005 6.262 5
2.582 3.017 5.137 5
2.647 2.942 4.402 5
2.917 2.96 3.682 5
3.225 3.01 3.079 5
3.388 3.107 2.803 5
3.363 3.256 3.042 5
3.227 3.314 3.473 5
3.088 3.376 3.621 5
2.878 3.453 3.556 6
2.733 3.582 3.631 5
2.454 3.873 3.628 5
2.05 4.283 3.628 5
1.621 4.628 3.749 5
1.276 5.01 3.931 5
1.055 5.421 4.314 5
1.054 5.775 4.852 5
0.985 5.965 5.555 5
0.828 5.889 5.728 5
0.683 5.574 5.403 5
0.624 5.056 5.066 5
0.597 4.507 4.752 5
0.79 4.233 4.419 5
1.076 4.097 4.579 5
1.196 3.905 4.783 5
1.339 3.692 4.966 5
1.427 3.595 5.297 5
1.359 3.54 5.785 5
1.231 3.348 5.968 5
1.074 3.082 5.745 5
0.912 2.903 5.426 5
0.757 2.807 5.183 5
0.587 2.74 4.988 5
0.464 2.802 4.823 5
0.267 2.863 4.62 5
0.108 3.018 4.566 5
0.231 3.418 5.183 5
0.712 4.17 6.358 6
1.253 4.825 7.247 5
1.767 5.174 7.608 5
2.753 5.644 7.573 5
9.01 8.542 5.339 5
18.769 14.128 4.633 5
19.376 17.945 6.711 5
18.479 17.08 10.126 5
6.394 9.673 11.667 5
-0.829 4.294 10.619 5
-0.759 4.358 9.427 5
2.013 6.532 9.649 5
3.297 7.589 10.648 5
2.766 7.236 10.94 5
2.092 7.111 10.327 5
1.646 7.726 10.105 5
1.729 8.011 9.213 5
1.962 8.102 8.994 5
2.003 7.99 8.763 5
2.043 7.906 8.682 5
1.863 7.759 8.234 5
1.634 7.67 7.861 5
1.894 8.191 7.626 5
2.179 8.893 7.645 5
2.538 9.599 8.235 5
2.575 10.006 8.914 5
2.38 9.939 9.987 5
1.582 9.4 10.954 5
0.96 8.904 11.936 6
0.845 8.81 12.778 5
0.961 9.022 13.372 5
1.179 9.191 13.329 5
1.369 9.249 12.948 5
1.379 9.255 12.419 5
1.265 9.192 11.739 5
1.197 9.181 10.973 5
1.296 9.271 10.187 5
1.436 9.413 9.518 5
1.451 9.394 8.996 5
1.43 9.272 8.565 5
1.413 9.123 8.059 5
1.204 8.866 7.729 5
1.101 8.675 7.596 5
1.191 8.584 7.396 5
1.5 8.36 6.601 5
1.822 7.943 5.181 5
2.256 7.634 4.158 5
2.6 7.448 3.431 5
2.918 7.44 2.971 5
3.266 7.274 2.755 5
3.306 7.027 2.873 5
3.323 6.829 3.261 5
3.204 6.573 3.734 5
2.982 6.127 4.142 5
2.95 5.652 4.481 5
2.849 5.071 4.573 5
2.645 4.435 4.575 6
2.62 3.885 4.63 5
2.668 3.402 4.642 5
2.809 2.867 4.596 5
2.97 2.417 4.395 5
2.902 1.982 4.098 5
3.036 1.522 3.818 5
3.814 0.998 3.301 5
4.112 0.375 2.498 5
4.107 -0.099 1.852 5
4.312 -0.306 1.645 5
4.586 -0.489 1.779 5
4.891 -0.821 2.037 5
5.29 -1.174 2.331 5
5.699 -1.532 2.654 5
6.108 -1.945 3.003 5
6.444 -2.408 3.25 5
6.721 -2.831 3.406 5
7.045 -3.209 3.46 5
7.312 -3.524 3.422 5
7.606 -3.766 3.468 5
7.716 -3.856 3.523 5
8.123 -4.038 3.796 5
8.557 -4.328 3.739 5
8.701 -4.518 3.416 5
8.866 -4.602 3.243 5
9.021 -4.654 3.079 5
9.203 -4.664 2.753 5
9.391 -4.689 2.356 5
9.669 -4.67 1.93 6
9.921 -4.69 1.459 5
9.858 -4.714 0.995 5
9.689 -4.522 0.697 5
9.954 -4.533 0.502 5
10.118 -4.64 0.042 5
10.049 -4.672 -0.415 5
9.995 -4.575 -0.682 5
9.935 -4.366 -0.812 5
9.867 -4.262 -0.843 5
9.791 -4.248 -0.867 5
9.74 -4.179 -0.672 5
9.703 -4.101 -0.535 5
9.633 -4.066 -0.353 5
9.516 -4.07 -0.207 5
9.335 -4.067 0.085 5
9.037 -4.048 0.315 5
8.579 -4.015 0.485 5
7.953 -3.925 0.834 5
7.484 -3.779 1.273 5
7.149 -3.663 1.732 5
6.84 -3.584 2.139 5
6.56 -3.496 2.36 5
6.233 -3.365 2.497 5
5.773 -3.206 2.546 5
5.22 -3.02 2.642 5
4.736 -2.775 2.844 5
4.366 -2.495 3.05 5
4.009 -2.284 3.128 6
3.642 -2.002 3.117 5
3.288 -1.572 3.125 5
2.769 -1.051 3.253 5
2.17 -0.467 3.378 5
1.552 0.137 3.473 5
0.937 0.662 3.499 5
0.353 1.141 3.34 5
-0.299 1.656 3.052 5
-1.096 2.051 2.62 5
-2.037 2.46 2.224 5
-2.922 2.772 1.506 5
-3.647 3.031 0.61 5
-4.372 3.117 -0.588 5
-5.223 3.291 -1.704 5
-5.898 3.636 -2.627 5
-6.353 3.965 -3.552 5
-6.888 4.371 -4.276 5
-7.279 4.621 -4.906 5
-6.022 4.033 -6.894 5
-4.874 3.654 -9.313 5
-4.162 3.693 -12.116 5
-3.535 3.887 -14.592 5
-2.94 3.842 -16.736 5
-2.034 3.628 -18.692 5
-0.714 3.557 -19.776 5
0.663 3.686 -19.776 5
1.655 3.832 -19.776 5
2.091 3.861 -19.776 6
2.02 3.707 -19.776 5
1.67 3.534 -19.776 5
1.328 3.539 -19.776 5
1.137 3.628 -19.776 5
0.969 3.657 -19.776 5
0.721 3.594 -19.776 5
0.258 3.488 -19.776 5
-0.374 3.378 -19.776 5
-0.985 3.328 -19.776 5
-1.427 3.301 -19.562 5
-1.753 3.22 -18.735 5
-2.06 3.117 -17.703 5
-2.386 2.905 -16.678 5
-2.623 2.708 -15.617 5
-2.663 2.677 -14.568 5
-2.525 2.69 -13.774 5
-2.268 2.698 -13.227 5
-1.97 2.71 -13.021 5
-1.753 2.81 -13.265 5
-1.68 2.781 -14.078 5
-1.987 2.7 -15.29 5
-2.676 2.509 -16.749 5
-3.595 2.286 -18.216 5
-4.484 2.062 -19.626 5
-5.158 1.905 -19.776 5
-5.59 1.815 -19.776 5
-5.627 1.906 -19.776 5
-5.367 1.919 -19.776 6
-4.999 1.883 -19.776 5
-4.528 1.797 -19.7 5
-4.019 1.932 -19.087 5
-3.741 2.053 -18.08 5
-3.517 2.161 -16.844 5
-3.288 2.296 -15.613 5
-3.054 2.468 -14.413 5
-2.885 2.645 -13.382 5
-2.787 2.846 -12.425 5
-2.834 3.036 -11.721 5
-2.92 3.217 -11.093 5
-3.047 3.323 -10.493 5
-3.363 3.394 -10.132 5
-3.714 3.52 -9.865 5
-3.988 3.619 -9.535 5
-4.197 3.693 -9.167 5
-4.514 3.762 -8.748 5
-4.808 3.871 -8.146 5
-5.079 4.042 -7.521 5
-5.442 4.181 -6.858 5
-5.862 4.195 -6.27 5
-6.175 4.182 -5.679 5
-6.439 4.191 -5.187 5
-6.537 4.32 -4.907 5
-6.522 4.454 -4.734 5
-6.597 4.607 -4.535 5
-6.687 4.69 -4.351 5
-6.802 4.757 -4.308 5
-6.899 4.786 -4.33 6
-7.03 4.822 -4.28 5
-7.165 4.788 -4.366 5
-7.357 4.744 -4.701 5
-7.533 4.7 -5.021 5
-7.613 4.708 -5.204 5
-7.714 4.683 -5.234 5
-7.816 4.692 -5.27 5
-7.839 4.644 -5.17 5
-7.77 4.632 -5.101 5
-7.714 4.611 -4.975 5
-7.635 4.484 -4.813 5
-7.546 4.268 -4.685 5
-7.413 4.125 -4.335 5
-7.285 4.013 -3.997 5
-7.221 3.941 -3.508 5
-7.159 3.854 -3.108 5
-7.092 3.762 -2.845 5
-7.019 3.622 -2.758 5
-6.912 3.416 -2.653 5
-6.783 3.168 -2.532 5
-6.558 2.915 -2.306 5
-6.33 2.694 -1.842 5
-6.172 2.43 -1.246 5
-5.907 2.205 -0.533 5
-5.435 2.081 0.35 5
-5.095 1.993 1.246 5
-4.989 1.945 2.122 5
-4.965 1.96 3.004 6
-5.016 2.075 3.684 5
-5.163 2.202 4.048 5
-5.403 2.253 4.186 5
-5.722 2.308 4.265 5
-6.032 2.407 4.323 5
-6.242 2.524 4.279 5
-6.445 2.683 4.113 5
-6.666 2.826 3.956 5
-6.849 2.94 3.887 5
-6.945 3.145 3.833 5
-7.108 3.306 3.794 5
-7.344 3.519 3.839 5
-7.653 3.71 3.727 5
-7.928 3.881 3.62 5
-8.19 4.078 3.557 5
-8.399 4.257 3.455 5
-8.597 4.473 3.378 5
-8.787 4.721 3.122 5
-8.939 5.022 2.935 5
-9.234 5.386 2.796 5
-9.61 5.662 2.455 5
-9.91 5.96 1.98 5
-10.063 6.191 1.431 5
-10.208 6.465 0.898 5
-10.332 6.708 0.465 5
-10.43 6.852 0.034 5
-10.455 7.026 -0.33 5
-10.358 7.18 -0.754 6
-10.136 7.401 -0.774 5
-9.947 7.591 -0.773 5
-9.825 7.719 -0.635 5
-9.671 7.87 -0.479 5
-9.592 8.008 -0.52 5
-9.591 8.091 -0.639 5
-9.633 8.157 -0.626 5
-9.693 8.22 -0.64 5
-9.747 8.249 -0.762 5
-9.781 8.298 -0.714 5
-9.845 8.272 -0.791 5
-9.884 8.16 -0.848 5
-9.911 8.06 -0.813 5
-9.923 7.938 -0.716 5
-9.986 7.818 -0.54 5
-10.311 7.818 -0.295 5
-10.268 7.734 0.159 5
-10.12 7.614 0.809 5
-9.833 7.507 1.519 5
-9.457 7.304 2.301 5
-9.176 7.14 3.083 5
-8.95 6.966 3.85 5
-8.9 6.835 4.492 5
-8.754 6.805 5.282 5
-8.705 6.768 6.12 5
-8.662 6.588 7.008 5
-8.625 6.415 7.653 5
-8.561 6.271 8.311 6
-8.213 6.138 8.979 5
-8.098 5.94 9.437 5
-8.039 5.77 9.836 5
-8.09 5.637 10.08 5
-8.194 5.446 10.31 5
-8.422 5.252 10.465 5
-8.727 4.917 10.468 5
-9.059 4.5 10.31 5
-8.541 4.748 11.458 5
-8.031 4.864 12.538 5
-7.535 4.722 13.75 5
-7.221 4.485 15.531 5
-6.918 4.279 17.603 5
-6.656 4.13 19.223 5
-6.604 3.857 19.223 5
-6.835 3.484 19.223 5
-7.202 2.882 19.223 5
-7.473 2.062 19.223 5
-7.56 1.271 19.223 5
-7.585 0.514 19.223 5
-7.829 -0.203 19.223 5
-8.539 -0.981 19.053 5
-9.559 -1.895 17.418 5
-10.668 -2.837 14.586 5
-11.483 -3.739 11.721 5
-11.762 -4.478 8.718 5
-11.396 -5.149 6.07 5
-10.324 -5.684 4.007 5
-8.243 -6.018 2.277 6
-2.285 -4.577 -1.051 5
3.507 -1.947 -2.906 5
3.725 -2.06 -2.41 5
2.086 -3.545 -0.068 5
1.417 -4.395 2.282 5
1.902 -4.335 3.038 5
3.11 -4.137 1.866 5
4.162 -4.348 -0.238 5
5.064 -4.824 -2.665 5
6.27 -5.046 -4.466 5
7.43 -4.753 -6.307 5
8.822 -4.2 -8.051 5
10.291 -3.576 -10.176 5
11.578 -3.021 -12.069 5
12.498 -2.272 -13.242 5
13.267 -1.491 -14.276 5
14.082 -0.738 -14.885 5
14.851 -0.073 -15.26 5
15.449 0.415 -15.619 5
15.971 0.808 -15.894 5
16.162 1.118 -16.051 5
15.998 1.365 -15.775 5
15.434 1.557 -15.298 5
14.597 1.707 -14.857 5
13.477 1.731 -13.968 5
12.306 1.737 -13.024 5
11.338 1.786 -11.952 5
10.456 1.808 -10.985 6
9.787 1.874 -10.124 5
9.227 1.96 -9.102 5
8.775 2.099 -8.239 5
8.548 2.245 -7.646 5
8.233 2.34 -7.131 5
7.895 2.47 -6.815 5
7.643 2.601 -6.725 5
7.397 2.692 -6.647 5
7.143 2.855 -6.473 5
6.797 3.004 -6.148 5
6.614 3.145 -5.705 5
6.544 3.205 -5.403 5
6.634 3.363 -5.268 5
6.688 3.521 -5.178 5
6.726 3.699 -5.202 5
6.83 3.892 -5.252 5
6.916 3.971 -5.52 5
7.033 4.069 -5.772 5
7.178 4.214 -5.973 5
7.265 4.254 -6.436 5
7.446 4.318 -7.183 5
7.474 4.45 -8.189 5
7.173 4.405 -8.803 5
7.046 4.713 -9.003 5
7.04 4.99 -8.628 5
7.09 5.211 -8.484 5
7.253 5.255 -8.267 5
7.292 5.27 -7.803 6
7.5 5.303 -7.387 5
7.761 5.4 -6.983 5
7.963 5.532 -6.617 5
8.103 5.541 -6.337 5
8.244 5.504 -6.025 5
8.426 5.39 -5.944 5
8.626 5.274 -5.862 5
8.782 5.202 -5.954 5
8.823 5.209 -6.13 5
8.821 5.251 -6.217 5
8.745 5.093 -6.345 5
8.66 4.818 -6.516 5
8.789 4.765 -6.581 5
8.975 4.836 -6.517 5
9.082 4.751 -6.311 5
9.298 4.622 -6.088 5
9.528 4.441 -5.943 5
9.502 4.168 -5.824 5
9.319 4.007 -5.609 5
9.089 3.944 -5.264 5
9.029 3.986 -4.947 5
9.057 4.078 -4.656 5
9.018 3.99 -4.232 5
8.849 3.704 -3.837 5
8.727 3.549 -3.493 5
8.611 3.569 -3.146 5
8.356 3.537 -2.973 5
8.11 3.493 -2.901 6
7.841 3.289 -2.959 5
7.694 3.186 -2.866 5
7.394 3.069 -2.903 5
7.025 2.958 -2.881 5
6.705 2.992 -2.805 5
6.571 2.99 -2.897 5
6.526 2.962 -3.093 5
6.54 2.683 -3.585 5
6.62 2.376 -3.971 5
6.694 2.131 -4.442 5
6.73 1.962 -4.636 5
6.681 1.826 -4.62 5
6.687 1.578 -4.292 5
6.772 1.335 -3.981 5
6.8 1.004 -3.655 5
6.728 0.717 -3.104 5
6.544 0.523 -2.32 5
6.329 0.402 -1.513 5
6.273 0.312 -0.918 5
6.285 0.22 -0.438 5
6.213 0.168 0.193 5
5.978 0.237 1.239 5
5.76 0.588 3.456 5
5.706 1.003 5.642 5
5.656 1.066 6.067 5
5.856 1.156 6.246 5
5.949 1.287 6.843 5
5.93 1.389 7.47 5
5.915 1.617 7.709 6
5.911 1.848 7.658 5
5.952 1.943 7.464 5
5.998 1.992 7.204 5
5.97 2.023 6.841 5
5.899 2.07 6.33 5
5.847 2.124 5.897 5
5.776 2.226 5.365 5
5.779 2.37 4.975 5
5.851 2.526 4.706 5
5.909 2.752 4.448 5
6.084 2.916 4.168 5
6.402 3.119 4.182 5
6.695 3.228 4.212 5
6.817 3.223 4.264 5
6.847 3.098 4.519 5
6.711 3.003 4.734 5
6.428 2.892 4.939 5
5.831 2.724 5.277 5
5.087 2.503 5.316 5
4.272 2.223 5.15 5
2.991 1.908 4.686 5
1.642 1.644 4.373 5
0.033 1.572 4.385 5
-1.744 1.525 4.337 5
-3.403 1.738 4.511 5
-4.68 2.284 5.086 5
-4.892 3.009 6.008 5
-5.123 1.986 6.553 6
-7.356 2.287 7.238 5
-9.339 2.393 8.804 5
-10.746 2.397 10.248 5
-11.89 2.513 11.171 5
-12.476 2.916 12.365 5
-12.527 3.664 13.695 5
-12.384 4.54 14.841 5
-12.008 5.528 16.194 5
-11.68 6.443 17.663 5
-11.773 7.074 18.589 5
-12.135 7.518 19.059 5
-12.519 7.828 19.223 5
-12.87 8.069 19.216 5
-13.029 8.338 18.875 5
-12.895 8.607 18.08 5
-12.495 8.883 16.828 5
-11.879 9.177 15.329 5
-11.24 9.417 13.849 5
-10.631 9.609 12.333 5
-10.011 9.692 10.997 5
-9.464 9.694 9.892 5
-8.983 9.713 8.995 5
-8.5 9.735 8.232 5
-8.105 9.744 7.51 5
-7.755 9.686 6.881 5
-7.466 9.594 6.29 5
-7.305 9.497 5.665 5
-7.06 9.459 5.344 6
-6.829 9.441 5.131 5
-6.662 9.438 4.97 5
-6.602 9.313 4.874 5
-6.606 9.234 5.009 5
-6.75 9.124 4.888 5
-6.857 9.078 4.92 5
-6.905 9.028 4.891 5
-7.096 8.925 5.106 5
-7.22 8.885 5.236 5
-7.23 8.862 5.319 5
-7.192 8.78 5.219 5
-7.14 8.681 5.04 5
-7.047 8.639 4.881 5
-6.983 8.604 4.676 5
-6.898 8.489 4.297 5
-6.732 8.437 4.041 5
-6.578 8.381 3.851 5
-6.4 8.321 3.718 5
-6.246 8.242 3.743 5
-6.104 8.165 3.78 5
-5.916 8.06 3.705 5
-5.694 7.962 3.534 5
-5.505 7.926 3.43 5
-5.399 8.055 3.599 5
-5.147 8.056 4.07 5
-4.894 7.917 4.255 5
-4.569 7.82 4.172 5
-4.17 7.841 4.093 6
-3.884 7.923 3.721 5
-3.625 7.952 3.154 5
-3.381 7.919 2.485 5
-3.09 7.934 2.121 5
-2.913 7.949 1.718 5
-2.904 7.983 1.564 5
-3.089 7.958 1.406 5
-3.404 7.979 1.067 5
-3.603 8.061 0.944 5
-3.737 8.096 0.862 5
-3.978 8.061 0.917 5
-4.119 7.999 0.999 5
-4.165 7.943 1.252 5
-4.205 7.948 1.39 5
-3.975 8.063 1.55 5
-3.609 8.169 1.817 5
-3.248 8.156 2.321 5
-2.91 8.179 3.027 5
-2.769 8.073 3.386 5
-2.492 8.153 3.839 5
-2.225 8.185 4.193 5
-2.073 8.232 4.74 5
-2.065 8.289 5.065 5
-2.121 8.284 5.055 5
-2.154 8.376 5.027 5
-2.358 8.353 4.689 5
-2.646 8.36 4.383 5
-2.818 8.371 4.225 6
-2.911 8.323 4.139 5
-3.099 8.235 3.668 5
-3.133 8.252 3.378 5
-3.14 8.305 3.385 5
-3.232 8.312 3.253 5
-3.296 8.337 3.24 5
-3.298 8.31 3.295 5
-3.293 8.256 3.284 5
-3.156 8.254 3.488 5
-2.827 8.284 3.796 5
-2.671 8.232 3.775 5
-2.525 8.18 3.73 5
-2.424 8.122 3.619 5
-2.385 8.068 3.502 5
-2.364 8.012 3.433 5
-2.433 8.019 3.163 5
-2.594 8.001 2.683 5
-2.823 7.992 2.043 5
-3.121 7.875 1.27 5
-3.371 7.731 0.529 5
-3.493 7.688 -0.013 5
-3.458 7.695 -0.527 5
-3.356 7.782 -0.757 5
-3.366 7.845 -0.649 5
-3.423 7.832 -0.435 5
-3.476 7.829 -0.138 5
-3.418 7.833 0.076 5
-3.238 7.882 0.345 5
-3.092 7.976 0.529 6
-2.896 8.112 0.635 5
-2.898 8.153 0.616 5
-2.915 8.189 0.425 5
-3.02 8.224 0.197 5
-3.065 8.344 -0.109 5
-3.178 8.488 -0.345 5
-3.393 8.554 -0.444 5
-3.732 8.551 -0.413 5
-4.092 8.598 -0.225 5
-4.484 8.67 0.084 5
-4.84 8.731 0.408 5
-5.153 8.825 0.562 5
-5.386 8.831 0.8 5
-5.596 8.825 1.097 5
-5.772 8.795 1.141 5
-5.795 8.823 1.196 5
-5.725 8.905 1.355 5
-5.685 8.926 1.5 5
-5.656 8.962 1.613 5
-5.584 8.995 1.651 5
-5.484 9.012 1.679 5
-5.4 9.033 1.593 5
-5.288 9.042 1.498 5
-5.25 9.059 1.466 5
-5.208 9.028 1.465 5
-5.162 9.025 1.394 5
-5.127 9.007 1.191 5
-5.074 8.948 1.024 6
-4.939 8.918 0.736 5
-4.737 8.917 0.564 5
-4.641 8.834 0.444 5
-4.509 8.775 0.52 5
-4.306 8.789 0.502 5
-4.152 8.804 0.566 5
-3.98 8.906 0.476 5
-3.835 8.924 0.536 5
-3.807 8.941 0.64 5
-3.744 8.943 0.701 5
-3.591 9.002 0.516 5
-3.517 9.056 0.266 5
-3.514 9.01 0.076 5
-3.457 8.992 0.114 5
-3.479 8.982 0.192 5
-3.44 8.974 0.415 5
-3.369 8.996 0.551 5
-3.373 9.067 0.633 5
-3.267 9.139 0.854 5
-3.194 9.176 0.985 5
-3.2 9.148 0.946 5
-3.197 9.142 0.915 5
-3.202 9.101 1.002 5
-3.183 9.072 0.946 5
-3.106 9.05 0.864 5
-3.031 9.054 0.843 5
-3.005 9.036 0.882 5
-3.001 9.041 1.049 6
-2.958 9.111 1.244 5
-3.003 9.183 1.585 5
-3.185 9.227 1.831 5
-3.395 9.188 1.829 5
-3.524 9.191 1.915 5
-3.602 9.226 2.102 5
-3.726 9.178 2.269 5
-3.845 9.072 2.241 5
-3.815 8.991 2.195 5
-3.663 9.073 2.341 5
-3.572 9.114 2.592 5
-3.734 9.171 2.991 5
-3.942 9.097 3.119 5
-4.144 8.933 2.993 5
-4.277 8.821 2.803 5
-4.234 8.732 2.586 5
-4.167 8.642 2.397 5
-3.901 8.665 2.265 5
-3.597 8.596 1.891 5
-3.32 8.596 1.98 5
-3.101 8.61 2.099 5
-2.993 8.581 2.203 5
-3.234 8.435 2.362 5
-3.313 8.498 2.803 5
-3.295 8.599 3.302 5
-3.05 8.8 3.532 5
-2.974 8.856 4.209 5
-2.944 8.809 5.043 6
-2.859 8.67 5.611 5
-2.833 8.494 6.19 5
-2.867 8.233 6.495 5
-2.997 7.919 7.003 5
-3.165 7.672 7.432 5
-3.253 7.509 7.578 5
-3.159 7.477 7.543 5
-2.924 7.627 7.363 5
-2.56 7.944 6.908 5
-2.217 8.272 6.639 5
-2.017 8.488 6.641 5
-1.858 8.571 6.734 5
-1.755 8.534 6.538 5
-1.592 8.464 5.885 5
-1.443 8.454 5.524 5
-1.386 8.501 5.702 5
-1.242 8.65 5.753 5
-1.013 8.842 5.365 5
-0.839 8.902 4.626 5
-0.922 8.792 3.781 5
-1.267 8.451 3.184 5
-1.96 7.986 2.492 5
-2.312 7.925 2.03 5
-2.408 8.24 1.785 5
-2.304 8.719 1.931 5
-1.887 9.239 2.432 5
-1.222 9.661 2.917 5
0.325 10.072 3.229 5
0.803 10.169 3.053 6
1.03 10.118 2.951 5
1.137 9.945 3.232 5
1.051 9.761 3.745 5
0.875 9.532 4.312 5
0.531 9.383 4.88 5
0.085 9.221 5.443 5
-0.276 9.019 5.954 5
-0.626 8.857 6.378 5
-0.934 8.613 7.054 5
-1.184 8.383 7.49 5
-1.436 8.18 8.026 5
-1.835 7.963 8.777 5
-2.378 7.755 9.522 5
-2.677 7.534 9.598 5
-2.901 7.378 9.616 5
-3.064 7.289 9.811 5
-3.148 7.228 10.02 5
-3.165 7.26 10.018 5
-3.084 7.41 9.894 5
-2.91 7.607 9.749 5
-2.664 7.789 9.445 5
-2.224 7.994 8.924 5
-1.789 8.215 8.227 5
-1.532 8.299 7.687 5
-1.354 8.31 7.284 5
-1.231 8.34 7.048 5
-1.171 8.314 6.9 5
-1.125 8.32 6.717 6
-1.073 8.387 6.436 5
-1.065 8.401 6.054 5
-1.146 8.395 5.67 5
-1.232 8.411 5.338 5
-1.301 8.433 5.107 5
-1.372 8.389 4.883 5
-1.485 8.412 4.791 5
-1.582 8.424 4.637 5
-1.717 8.473 4.649 5
-1.85 8.544 4.603 5
-1.982 8.559 4.712 5
-2.107 8.473 4.717 5
-2.248 8.388 4.872 5
-2.29 8.271 4.703 5
-2.22 8.298 4.345 5
-2.302 8.254 3.804 5
-2.465 8.266 3.451 5
-2.578 8.146 3.028 5
-2.752 8.061 2.639 5
-2.854 8.041 2.365 5
-2.819 7.984 2.154 5
-2.645 7.98 1.877 5
-2.491 8.116 1.704 5
-2.326 8.274 1.461 5
-2.219 8.457 1.27 5
-2.105 8.648 1.071 5
-2.046 8.827 0.949 5
-2.06 8.899 0.825 6
-2.053 8.897 0.867 5
-2.084 8.829 0.691 5
-2.068 8.699 0.52 5
-1.984 8.57 0.347 5
-1.839 8.478 0.188 5
-1.65 8.461 0.035 5
-1.482 8.486 -0.105 5
-1.354 8.489 -0.226 5
-1.155 8.501 -0.286 5
-0.941 8.522 -0.303 5
-0.754 8.568 -0.276 5
-0.524 8.613 -0.285 5
-0.27 8.66 -0.263 5
-0.021 8.765 -0.209 5
0.192 8.803 -0.151 5
0.418 8.844 -0.092 5
0.599 8.912 0.033 5
0.829 9.005 0.155 5
1.032 9.002 0.395 5
1.071 8.935 0.618 5
1.051 8.79 0.935 5
0.885 8.617 1.249 5
0.682 8.369 1.387 5
0.607 8.196 1.724 5
0.437 7.987 2.063 5
0.292 7.784 2.302 5
0.198 7.577 2.522 5
0.201 7.501 2.626 6
0.312 7.436 2.72 5
0.436 7.463 2.91 5
0.59 7.492 3.124 5
0.685 7.539 3.263 5
0.77 7.661 3.469 5
0.769 7.746 3.574 5
0.787 7.9 3.752 5
0.689 8.006 3.966 5
0.518 8.026 4.052 5
0.344 8.02 4.024 5
0.171 7.948 4.079 5
0.0 7.86 4.001 5
-0.14 7.745 4.0 5
-0.214 7.567 3.888 5
-0.266 7.389 3.756 5
-0.285 7.251 3.628 5
-0.277 7.067 3.51 5
-0.216 6.868 3.328 5
-0.09 6.695 3.198 5
0.088 6.581 3.077 5
0.319 6.561 2.969 5
0.555 6.584 2.945 5
0.766 6.579 2.978 5
0.94 6.551 2.978 5
1.037 6.513 2.964 5
1.074 6.4 2.996 5
1.084 6.217 3.082 5
1.079 6.019 3.204 5
1.098 5.854 3.298 6
1.222 5.779 3.356 5
1.311 5.806 3.527 5
1.379 5.804 3.763 5
1.399 5.779 4.071 5
1.423 5.771 4.329 5
1.538 5.908 4.485 5
1.719 6.153 4.631 5
1.776 6.443 4.891 5
1.722 6.708 5.136 5
1.574 6.806 5.374 5
1.225 6.892 5.501 5
0.861 6.98 5.695 5
0.459 7.03 5.757 5
0.158 7.028 5.924 5
-0.057 7.006 5.992 5
-0.198 6.984 6.157 5
-0.248 7.028 6.228 5
-0.241 7.105 6.255 5
-0.128 7.367 6.32 5
-0.039 7.655 6.363 5
0.078 7.954 6.43 5
0.15 8.27 6.526 5
0.081 8.584 6.581 5
-0.076 8.83 6.602 5
-0.364 8.99 6.642 5
-0.645 9.071 6.687 5
-0.908 9.086 6.773 5
-1.135 9.036 6.891 6
-1.287 9.018 7.08 5
-1.364 8.989 7.191 5
-1.365 9.0 7.227 5
-1.293 9.133 7.328 5
-1.224 9.335 7.44 5
-1.195 9.557 7.536 5
-1.168 9.827 7.661 5
-1.13 10.145 7.873 5
-1.199 10.359 8.026 5
-1.339 10.473 8.096 5
-1.5 10.608 8.231 5
-1.605 10.723 8.385 5
-1.777 10.664 8.488 5
-2.023 10.494 8.548 5
-2.211 10.349 8.614 5
-2.356 10.376 8.748 5
-2.448 10.386 8.825 5
-2.477 10.508 8.943 5
-2.497 10.584 8.936 5
-2.564 10.657 8.944 5
-2.633 10.758 9.005 5
-2.794 10.783 8.903 5
-3.059 10.745 8.871 5
-3.356 10.592 8.866 5
-3.558 10.413 8.677 5
-3.669 10.224 8.466 5
-3.7 9.998 8.185 5
-3.637 9.735 7.896 6
-3.501 9.484 7.683 5
-3.266 9.232 7.476 5
-3.057 9.031 7.282 5
-2.892 8.907 7.133 5
-2.752 8.847 7.039 5
-2.518 8.672 7.043 5
-2.324 8.441 7.155 5
-2.185 8.237 7.3 5
-2.012 7.974 7.454 5
-1.94 7.747 7.579 5
-1.976 7.563 7.753 5
-1.987 7.396 7.97 5
-1.93 7.346 8.261 5
-1.867 7.381 8.583 5
-1.905 7.255 8.915 5
-2.068 6.886 8.933 5
-2.244 6.529 8.654 5
-2.192 6.41 8.576 5
-1.958 6.412 8.538 5
-1.748 6.441 8.403 5
-1.718 6.414 8.201 5
-1.774 6.294 7.883 5
-1.888 6.178 7.582 5
-1.98 6.131 7.302 5
-1.944 6.148 6.958 5
-1.832 6.051 6.596 5
-1.653 5.977 6.378 5
-1.452 5.986 6.191 6
-1.29 5.96 6.122 5
-1.279 6.019 6.044 5
-1.374 6.128 6.15 5
-1.347 6.307 6.226 5
-1.27 6.313 6.2 5
-1.282 6.269 6.064 5
-1.187 6.179 5.947 5
-1.098 6.097 5.931 5
-0.989 6.05 5.943 5
-0.882 6.117 6.035 5
-0.793 6.23 6.222 5
-0.757 6.3 6.326 5
-0.671 6.38 6.477 5
-0.663 6.512 6.527 5
-0.647 6.769 6.333 5
-0.804 6.764 6.098 5
-0.988 6.684 5.993 5
-1.12 6.612 5.841 5
-1.194 6.679 5.806 5
-1.234 6.811 5.818 5
-1.177 6.977 5.825 5
-1.129 7.092 5.818 5
-1.191 7.09 5.75 5
-1.092 7.256 5.775 5
-0.919 7.418 5.969 5
-0.994 7.308 6.104 5
-1.044 7.22 6.083 5
-0.949 7.21 6.075 5
-0.816 7.231 6.273 6
-0.668 7.208 6.545 5
-0.456 7.132 6.845 5
-0.249 7.067 7.107 5
-0.075 6.975 7.204 5
0.079 6.862 7.146 5
0.151 6.866 7.215 5
0.201 6.984 7.181 5
0.383 6.989 7.027 5
0.925 6.972 6.798 5
0.749 7.034 6.468 5
0.242 7.115 6.644 5
-0.086 7.125 7.143 5
-0.298 6.99 7.466 5
-0.6 6.78 7.607 5
-0.713 6.756 7.616 5
-0.953 6.77 7.409 5
-1.077 6.693 7.452 5
-1.097 6.652 7.642 5
-1.119 6.626 7.793 5
-1.027 6.546 7.902 5
-0.814 6.448 7.962 5
-0.509 6.417 8.023 5
-0.191 6.481 7.912 5
0.169 6.619 7.693 5
0.481 6.74 7.55 5
0.683 6.827 7.426 5
0.849 6.831 7.294 5
0.877 6.756 7.145 6
0.825 6.814 6.992 5
0.544 6.908 6.796 5
-0.189 7.064 6.452 5
-0.694 7.061 6.065 5
-1.526 7.164 6.07 5
-2.694 7.295 6.125 5
-3.808 7.33 6.327 5
-4.495 7.34 6.631 5
-4.558 7.13 6.424 5
-4.28 6.798 6.022 5
-3.577 6.449 5.907 5
-2.681 6.192 5.709 5
-1.978 6.079 5.559 5
-1.657 6.207 5.649 5
-1.705 6.51 5.598 5
-1.806 6.765 5.497 5
-1.506 6.993 5.514 5
-0.795 7.077 5.317 5
-0.296 7.332 6.107 5
0.058 7.558 6.718 5
0.046 7.657 6.482 5
-0.619 7.69 6.398 5
-1.363 7.448 6.613 5
-1.94 7.156 6.994 5
-2.191 7.012 7.232 5
-2.014 6.962 7.459 5
-1.643 7.098 7.44 5
-1.162 7.321 7.214 6
-0.598 7.499 6.944 5
-0.206 7.643 6.722 5
0.086 7.717 6.563 5
0.227 7.741 6.616 5
0.077 7.512 6.737 5
-0.203 7.417 7.04 5
-0.452 7.41 7.17 5
-0.648 7.412 7.174 5
-0.733 7.488 7.084 5
-0.723 7.511 7.14 5
-1.044 6.97 6.683 5
-2.04 5.878 6.076 5
-2.514 5.852 6.339 5
-2.924 5.741 5.92 5
-3.228 5.706 5.726 5
-3.35 5.735 5.754 5
-3.421 5.829 5.759 5
-3.437 5.958 5.882 5
-3.317 6.094 6.084 5
-3.082 6.192 6.12 5
-2.834 6.269 6.147 5
-2.572 6.329 6.268 5
-2.279 6.368 6.396 5
-2.039 6.407 6.528 5
-1.767 6.573 6.652 5
-1.5 6.717 6.752 5
-1.254 6.814 6.702 5
-1.006 6.922 6.676 5
-0.71 7.092 6.855 6
-0.449 7.234 7.038 5
-0.269 7.284 7.059 5
-0.116 7.355 6.982 5
-0.029 7.386 6.743 5
0.045 7.43 6.538 5
0.079 7.503 6.429 5
0.123 7.615 6.34 5
0.234 7.899 6.632 5
0.372 7.996 6.991 5
0.483 7.686 6.479 5
0.584 7.534 6.097 5
0.713 7.539 5.844 5
0.745 7.653 5.886 5
0.807 7.767 6.045 5
0.855 7.916 6.224 5
1.043 8.062 6.134 5
1.125 8.152 6.021 5
1.167 8.18 6.059 5
1.154 8.11 5.958 5
1.079 8.07 5.8 5
1.118 7.997 5.536 5
1.161 7.994 5.62 5
1.304 8.056 5.694 5
1.487 8.116 5.782 5
1.734 8.249 5.867 5
1.938 8.351 5.951 5
1.983 8.362 5.893 5
1.922 8.328 5.716 6
1.874 8.297 5.492 5
1.832 8.306 5.376 5
1.685 8.228 5.381 5
1.425 8.028 5.337 5
1.074 7.754 5.224 5
0.718 7.435 5.251 5
0.464 7.253 5.358 5
0.419 7.247 5.322 5
0.437 7.391 5.258 5
0.44 7.551 5.183 5
0.475 7.664 5.05 5
0.494 7.718 5.049 5
0.52 7.72 5.173 5
0.513 7.778 5.266 5
0.618 7.809 5.283 5
0.677 7.859 5.293 5
0.744 7.913 5.27 5
0.815 7.926 5.339 5
0.925 7.94 5.444 5
1.047 7.989 5.47 5
1.118 7.947 5.53 5
1.181 7.998 5.607 5
1.226 7.947 5.565 5
1.328 7.998 5.691 5
1.357 7.993 5.705 5
1.329 7.96 5.793 5
1.315 7.913 5.801 5
1.204 7.868 5.862 6
1.149 7.884 5.908 5
1.077 7.886 6.012 5
1.026 7.851 6.064 5
1.016 7.844 6.044 5
1.056 7.885 6.03 5
1.052 7.899 5.93 5
1.061 7.849 5.879 5
1.135 7.794 5.898 5
1.185 7.78 5.83 5
1.232 7.776 5.744 5
1.273 7.772 5.66 5
1.276 7.791 5.623 5
1.278 7.804 5.638 5
1.311 7.843 5.75 5
1.325 7.863 5.844 5
1.276 7.859 5.857 5
1.249 7.831 5.854 5
1.233 7.81 5.847 5
1.185 7.793 5.808 5
1.231 7.801 5.76 5
1.272 7.827 5.749 5
1.328 7.829 5.713 5
1.354 7.816 5.743 5
1.348 7.834 5.685 5
1.295 7.795 5.587 5
1.238 7.776 5.566 5
1.201 7.779 5.493 5
1.167 7.794 5.439 5
1.143 7.849 5.41 6
1.082 7.879 5.507 5
1.025 7.833 5.474 5
0.923 7.816 5.51 5
0.971 7.82 5.505 5
1.019 7.831 5.509 5
1.037 7.772 5.521 5
1.003 7.842 5.57 5
0.976 7.851 5.657 5
1.019 7.76 5.627 5
1.211 7.849 5.549 5
1.281 7.829 4.171 5
1.408 7.82 3.812 5
1.209 7.916 4.566 5
1.113 7.812 5.039 5
1.162 7.754 5.318 5
1.094 7.774 5.578 5
0.985 7.765 5.711 5
1.038 7.774 5.86 5
1.138 7.761 6.074 5
1.291 7.784 6.242 5
1.399 7.841 6.457 5
1.481 7.862 6.673 5
1.571 7.788 6.765 5
1.575 7.719 6.701 5
1.406 7.68 6.472 5
1.24 7.716 6.071 5
1.121 7.79 5.658 5
0.775 7.652 5.418 6
0.685 7.561 5.248 5
1.088 7.611 5.093 5
1.339 7.67 5.073 5
1.03 7.601 5.305 5
0.926 7.554 5.371 5
0.941 7.515 5.517 5
0.728 7.47 5.632 5
0.823 7.432 5.684 5
1.118 7.483 5.825 5
1.313 7.55 6.182 5
1.436 7.673 6.324 5
1.392 7.788 6.395 5
1.289 7.814 6.554 5
1.252 7.774 6.7 5
1.19 7.74 6.672 5
1.186 7.696 6.614 5
1.202 7.643 6.542 5
1.197 7.602 6.636 5
1.138 7.525 6.79 5
1.004 7.402 6.798 5
0.797 7.341 6.906 5
0.568 7.278 7.047 5
0.304 7.198 7.202 5
0.087 7.181 7.302 5
-0.017 7.137 7.352 5
-0.104 7.057 7.404 5
-0.126 7.052 7.394 5
-0.108 7.06 7.321 6
-0.135 7.082 7.33 5
-0.168 7.126 7.205 5
-0.179 7.147 7.05 5
-0.186 7.192 6.933 5
-0.151 7.256 6.833 5
-0.111 7.341 6.735 5
-0.057 7.428 6.664 5
-0.047 7.42 6.679 5
-0.079 7.374 6.709 5
-0.084 7.39 6.625 5
-0.178 7.309 6.744 5
-0.231 7.326 6.627 5
-0.315 7.252 6.693 5
-0.234 7.194 6.724 5
-0.299 7.126 6.787 5
-0.531 7.13 6.767 5
-0.685 7.192 6.643 5
-0.849 7.089 6.663 5
-0.899 7.032 6.496 5
-0.97 6.977 6.512 5
-0.955 7.001 6.37 5
-0.979 6.901 6.459 5
-1.007 6.911 6.533 5
-1.03 6.959 6.42 5
-1.105 6.885 6.572 5
-1.223 6.877 6.583 5
-1.227 6.901 6.505 5
-1.335 6.947 6.478 6
-1.42 6.98 6.454 5
-1.483 6.99 6.329 5
-1.473 6.965 6.35 5
-1.586 6.854 6.403 5
-1.622 6.802 6.391 5
-1.65 6.773 6.536 5
-1.743 6.746 6.635 5
-1.907 6.68 6.683 5
-1.976 6.669 6.654 5
-2.091 6.667 6.586 5
-2.163 6.703 6.619 5
-2.167 6.668 6.723 5
-2.193 6.612 6.802 5
-2.215 6.568 6.891 5
-2.227 6.582 6.975 5
-2.241 6.626 6.994 5
-2.274 6.616 7.029 5
-2.269 6.592 7.02 5
-2.255 6.615 7.051 5
-2.252 6.622 7.11 5
-2.24 6.618 7.155 5
-2.273 6.617 7.154 5
-2.236 6.685 6.942 5
-2.098 6.778 6.818 5
-2.026 6.786 6.786 5
-2.036 6.812 6.691 5
-2.062 6.836 6.651 5
-2.073 6.915 6.624 6
-2.062 6.905 6.617 5
-1.972 6.99 6.586 5
-1.851 7.118 6.542 5
-1.757 7.183 6.496 5
-1.693 7.159 6.445 5
-1.698 7.106 6.322 5
-1.703 7.09 6.33 5
-1.696 7.1 6.3 5
-1.761 7.065 6.286 5
-1.749 7.116 6.334 5
-1.772 7.132 6.247 5
-1.881 7.132 6.281 5
-1.872 7.13 6.21 5
-1.837 7.102 6.255 5
-1.862 7.12 6.155 5
-1.962 7.125 6.238 5
-1.923 7.134 6.184 5
-1.97 7.136 6.242 5
-1.819 7.025 6.281 5
-1.753 7.02 6.239 5
-1.759 7.083 6.281 5
-1.817 7.126 6.198 5
-1.795 7.142 6.277 5
-1.808 7.196 6.297 5
-1.816 7.192 6.251 5
-1.872 7.18 6.3 5
-1.882 7.129 6.343 5
-1.816 7.125 6.298 5
-1.757 7.175 6.285 6
-1.769 7.215 6.35 5
-1.798 7.208 6.429 5
-1.85 7.211 6.44 5
-1.773 7.195 6.285 5
-1.685 7.204 6.214 5
-1.702 7.288 6.258 5
-1.737 7.358 6.205 5
-1.774 7.365 6.089 5
-1.814 7.304 6.083 5
-1.847 7.254 6.101 5
-1.878 7.19 6.071 5
-1.872 7.215 6.056 5
-1.864 7.268 5.927 5
-1.878 7.262 5.896 5
-1.911 7.242 5.937 5
-1.94 7.229 6.026 5
-2.012 7.196 5.951 5
-1.96 7.236 5.994 5
-1.964 7.233 5.958 5
-2.026 7.25 6.011 5
-2.064 7.242 6.074 5
-2.214 7.291 6.241 5
-2.08 7.248 6.319 5
-1.894 7.218 6.195 5
-1.832 7.193 6.198 5
-1.926 7.206 6.132 5
-1.964 7.208 6.201 5
-1.989 7.309 6.289 6
-2.006 7.289 6.293 5
-2.074 7.335 6.347 5
-2.062 7.286 6.404 5
-1.862 7.235 6.371 5
-1.755 7.245 6.41 5
-1.845 7.291 6.336 5
-1.912 7.347 6.214 5
-2.003 7.341 6.169 5
-2.047 7.324 6.18 5
-2.053 7.328 6.238 5
-2.034 7.277 6.252 5
-1.921 7.234 6.147 5
-1.869 7.268 6.075 5
-1.935 7.317 6.015 5
-1.982 7.331 5.927 5
-2.009 7.338 5.913 5
-2.048 7.319 5.946 5
-2.029 7.272 5.981 5
-2.0 7.251 6.039 5
-1.929 7.273 6.061 5
-1.914 7.329 6.183 5
-1.888 7.327 6.218 5
-1.895 7.323 6.293 5
-1.961 7.336 6.327 5
-1.979 7.345 6.429 5
-2.052 7.342 6.468 5
-2.044 7.326 6.4 5
-1.976 7.32 6.367 6
-1.91 7.309 6.288 5
-1.87 7.33 6.248 5
-1.925 7.361 6.26 5
-1.943 7.358 6.243 5
-1.943 7.379 6.245 5
-1.938 7.393 6.299 5
-1.908 7.367 6.225 5
-1.902 7.414 6.073 5
-1.881 7.468 5.986 5
-1.826 7.476 5.918 5
-1.868 7.501 5.924 5
-1.919 7.459 5.96 5
-1.922 7.463 5.909 5
-1.981 7.411 5.941 5
-2.087 7.408 6.001 5
-1.943 7.419 5.974 5
-1.893 7.429 5.868 5
-1.833 7.425 5.827 5
-1.841 7.441 5.862 5
-1.885 7.466 5.92 5
-1.912 7.45 5.984 5
-1.936 7.454 5.981 5
-1.923 7.428 5.972 5
-1.85 7.461 6.036 5
-1.764 7.51 5.999 5
-1.71 7.508 5.909 5
-1.687 7.517 5.889 5
-1.736 7.535 5.916 6
-1.765 7.495 5.887 5
-1.773 7.494 5.856 5
-1.817 7.523 5.867 5
-1.846 7.558 5.88 5
-1.862 7.521 5.901 5
-1.845 7.47 5.889 5
-1.815 7.477 5.969 5
-1.769 7.508 5.903 5
-1.792 7.557 5.841 5
-1.875 7.571 5.765 5
-1.919 7.514 5.691 5
-1.986 7.485 5.681 5
-2.017 7.527 5.651 5
-2.033 7.506 5.678 5
-2.113 7.483 5.75 5
-2.094 7.468 5.803 5
-2.108 7.439 5.774 5
-2.084 7.394 5.835 5
-2.096 7.43 5.709 5
-2.091 7.446 5.754 5
-2.059 7.451 5.625 5
-2.095 7.447 5.675 5
-2.055 7.419 5.608 5
-2.042 7.447 5.671 5
-1.976 7.487 5.603 5
-1.921 7.528 5.662 5
-1.898 7.528 5.587 5
-1.834 7.517 5.528 5
-1.833 7.528 5.491 6
-1.813 7.567 5.468 5
-1.824 7.604 5.482 5
-1.796 7.636 5.488 5
-1.686 7.647 5.436 5
-1.576 7.699 5.468 5
-1.428 7.755 5.58 5
-1.296 7.824 5.669 5
-1.186 7.845 5.707 5
-1.13 7.891 5.722 5
-1.08 7.919 5.73 5
-1.023 7.919 5.756 5
-1.016 7.946 5.838 5
-0.966 7.945 5.834 5
-0.932 7.935 5.873 5
-0.943 7.903 5.909 5
-1.025 7.825 5.869 5
-1.126 7.769 5.814 5
-1.199 7.731 5.793 5
-1.222 7.743 5.76 5
-1.255 7.762 5.839 5
-1.296 7.821 5.82 5
-1.24 7.856 5.834 5
-1.156 7.89 5.846 5
-1.079 7.853 5.791 5
-1.026 7.853 5.728 5
-1.075 7.835 5.698 5
-1.049 7.809 5.758 5
-1.005 7.856 5.672 6
-0.971 7.859 5.869 5
-1.006 7.878 5.865 5
-1.011 7.862 5.838 5
-0.969 7.879 5.783 5
-1.014 7.875 5.706 5
-1.081 7.86 5.583 5
-1.169 7.849 5.59 5
-1.296 7.851 5.683 5
-1.342 7.848 5.659 5
-1.368 7.852 5.619 5
-1.338 7.882 5.613 5
-1.328 7.866 5.637 5
-1.333 7.856 5.731 5
-1.298 7.832 5.76 5
-1.24 7.85 5.789 5
-1.181 7.876 5.775 5
-1.1 7.919 5.749 5
-1.001 7.961 5.728 5
-0.929 7.951 5.76 5
-0.892 7.94 5.836 5
-0.899 7.928 5.884 5
-0.958 7.879 5.818 5
-1.004 7.85 5.744 5
-1.066 7.845 5.694 5
-1.145 7.847 5.618 5
-1.207 7.794 5.64 5
-1.26 7.795 5.653 5
-1.28 7.818 5.612 6
-1.247 7.822 5.531 5
-1.155 7.835 5.449 5
-1.075 7.843 5.538 5
-1.076 7.826 5.549 5
-1.017 7.846 5.571 5
-0.973 7.832 5.592 5
-0.959 7.834 5.599 5
-0.947 7.878 5.628 5
-0.953 7.871 5.642 5
-0.969 7.842 5.528 5
-0.859 7.848 5.589 5
-0.889 7.865 5.553 5
-0.86 7.872 5.603 5
-0.784 7.936 5.749 5
-0.809 7.935 5.806 5
-0.763 7.967 5.798 5
-0.698 7.961 5.806 5
-0.714 7.942 5.807 5
-0.756 7.907 5.827 5
-0.824 7.884 5.805 5
-0.844 7.889 5.809 5
-0.878 7.873 5.798 5
-0.907 7.872 5.839 5
-0.845 7.879 5.88 5
-0.823 7.865 5.837 5
-0.78 7.861 5.833 5
-0.766 7.871 5.845 5
-0.777 7.851 5.91 6
-0.793 7.847 5.982 5
-0.757 7.855 5.963 5
-0.764 7.889 5.961 5
-0.835 7.876 5.997 5
-0.897 7.843 5.963 5
-0.951 7.854 6.002 5
-0.937 7.852 6.0 5
-0.915 7.853 5.991 5
-0.933 7.852 5.918 5
-0.956 7.844 5.847 5
-0.976 7.874 5.812 5
-0.99 7.878 5.762 5
-0.992 7.873 5.658 5
-0.966 7.885 5.63 5
-0.948 7.851 5.575 5
-0.995 7.831 5.57 5
-0.977 7.791 5.423 5
-0.947 7.807 5.366 5
-0.911 7.845 5.362 5
-0.829 7.868 5.346 5
-0.77 7.861 5.384 5
-0.679 7.839 5.26 5
-0.687 7.825 5.336 5
-0.621 7.822 5.333 5
-0.554 7.908 5.229 5
-0.483 7.914 5.278 5
-0.434 7.942 5.309 5
-0.387 7.992 5.34 5
-0.253 7.97 5.3 6
-0.246 8.018 5.297 5
-0.228 8.02 5.391 5
-0.195 7.978 5.321 5
-0.172 7.974 5.265 5
-0.157 7.994 5.266 5
-0.132 7.985 5.296 5
-0.079 8.011 5.386 5
-0.069 8.027 5.424 5
-0.001 8.025 5.46 5
-0.023 8.021 5.521 5
-0.082 8.015 5.565 5
-0.129 8.021 5.611 5
-0.144 8.02 5.668 5
-0.14 8.005 5.729 5
-0.122 8.027 5.819 5
-0.08 8.049 5.874 5
-0.018 8.091 5.828 5
0.064 8.139 5.818 5
0.114 8.147 5.824 5
0.139 8.161 5.908 5
0.169 8.183 5.933 5
0.221 8.13 5.87 5
0.265 8.14 5.968 5
0.29 8.122 5.953 5
0.24 8.096 5.915 5
0.128 8.082 5.882 5
0.027 8.065 5.826 5
-0.075 8.048 5.739 6
-0.15 8.057 5.785 5
-0.241 8.021 5.682 5
-0.266 8.006 5.564 5
-0.229 8.063 5.374 5
-0.135 8.07 5.345 5
-0.055 8.105 5.229 5
0.184 8.229 3.525 5
0.651 8.477 3.267 5
0.922 8.504 3.788 5
0.951 8.348 4.42 5
0.692 8.214 5.007 5
0.431 8.072 5.501 5
0.328 7.992 5.662 5
0.271 7.97 5.738 5
0.306 7.992 5.931 5
0.296 8.031 6.079 5
0.307 8.112 6.173 5
0.334 8.169 6.29 5
0.311 8.205 6.453 5
0.302 8.195 6.475 5
0.435 8.194 6.367 5
0.67 8.258 6.235 5
0.835 8.338 6.155 5
0.821 8.323 6.024 5
0.614 8.222 5.815 5
0.326 8.11 5.516 5
0.1 8.085 5.28 5
0.024 8.098 5.06 6
-0.034 8.227 4.879 5
0.079 8.188 4.804 5
0.302 8.179 4.792 5
0.413 8.269 4.866 5
0.511 8.271 5.026 5
0.54 8.267 5.167 5
0.554 8.298 5.244 5
0.615 8.275 5.377 5
0.599 8.308 5.497 5
0.546 8.308 5.556 5
0.458 8.261 5.707 5
0.363 8.235 5.89 5
0.293 8.221 5.876 5
0.242 8.211 5.882 5
0.107 8.142 5.659 5
-0.038 8.071 5.61 5
-0.199 8.008 5.466 5
-0.398 7.911 5.459 5
-0.561 7.923 5.357 5
-0.66 7.842 5.262 5
-0.708 7.887 5.15 5
-0.614 7.916 5.186 5
-0.582 7.951 5.157 5
-0.518 7.91 5.271 5
-0.451 7.913 5.367 5
-0.387 7.936 5.445 5
-0.335 7.986 5.504 5
-0.307 7.985 5.619 6
-0.273 7.941 5.704 5
-0.316 7.864 5.84 5
-0.427 7.824 5.898 5
-0.504 7.817 5.954 5
-0.524 7.819 5.908 5
-0.564 7.779 5.893 5
-0.566 7.696 5.853 5
-0.601 7.672 5.746 5
-0.658 7.68 5.702 5
-0.727 7.63 5.678 5
-0.874 7.597 5.673 5
-1.033 7.559 5.692 5
-1.514 7.549 5.713 5
-1.591 7.516 5.649 5
-1.174 7.496 5.74 5
-0.934 7.497 5.868 5
-0.983 7.511 5.927 5
-1.193 7.509 5.94 5
-1.385 7.462 5.94 5
-1.464 7.456 5.992 5
-1.486 7.391 5.953 5
-1.441 7.361 5.873 5
-1.425 7.336 6.027 5
-1.395 7.319 6.015 5
-1.426 7.352 6.093 5
-1.356 7.318 6.131 5
-1.33 7.343 6.165 5
-1.304 7.311 6.262 5
-1.377 7.259 6.384 6
-1.427 7.308 6.446 5
-1.488 7.371 6.485 5
-1.548 7.342 6.54 5
-1.601 7.315 6.464 5
-1.631 7.27 6.487 5
-1.696 7.223 6.502 5
-1.745 7.141 6.524 5
-1.814 7.062 6.588 5
-1.915 6.917 6.725 5
-2.0 6.854 6.78 5
-2.1 6.838 6.778 5
-2.193 6.839 6.789 5
-2.314 6.809 6.796 5
-2.359 6.735 6.821 5
-2.393 6.717 6.802 5

# Completed @Sat Jul 23 22:55:41 PDT 2016
